0 0.0 0.8396694214876033 0.2066115702479339 0.7884297520661157 0.24958677685950412 0.9851239669421488 0.19504132231404958 1.0 0.0 1.0
0 0.4231404958677686 1.0 0.43471074380165287 0.8330578512396695 0.40165289256198344 0.8314049586776859 0.4049586776859504 0.7338842975206612 0.5008264462809917 0.7272727272727273 0.5983471074380166 0.743801652892562 0.5950413223140496 0.7867768595041322 0.6661157024793388 0.7983471074380165 0.6578512396694215 0.8842975206611571 0.6677685950413224 0.8892561983471075 0.6628099173553719 1.0
0 0.846280991735537 1.0 0.9322314049586776 0.9768595041322314 0.9388429752066115 1.0
0 0.8876033057851239 0.6975206611570247 0.8958677685950414 0.7537190082644628 0.9074380165289255 0.8066115702479338 0.9355371900826445 0.8512396694214877 1.0 0.8314049586776859 1.0 0.6727272727272726
0 0.5933884297520661 0.39669421487603307 0.7421487603305785 0.41983471074380163 0.7520661157024794 0.38016528925619836 0.828099173553719 0.3933884297520661 0.8198347107438017 0.4396694214876033 0.8115702479338843 0.5603305785123966 0.5768595041322314 0.5289256198347108 0.5801652892561984 0.49090909090909096 0.5818181818181818 0.43636363636363634
0 0.6429752066115703 0.10909090909090909 0.6578512396694215 0.11074380165289256 0.71900826446281 0.06776859504132231 0.8942148760330578 0.0859504132231405 0.943801652892562 0.15867768595041323 0.9586776859504132 0.1619834710743802 0.9338842975206612 0.30247933884297523 0.9190082644628099 0.30247933884297523 0.8528925619834711 0.35206611570247937 0.6809917355371902 0.32066115702479336 0.6264462809917355 0.24297520661157024
0 0.2975206611570248 0.11239669421487603 0.3140495867768595 0.0859504132231405 0.4099173553719008 0.0859504132231405 0.41818181818181815 0.39669421487603307 0.4099173553719008 0.4099173553719008 0.43305785123966944 0.41652892561983473 0.4495867768595041 0.4380165289256198 0.4462809917355372 0.46942148760330576 0.4413223140495867 0.48760330578512395 0.41818181818181815 0.5057851239669422 0.3884297520661157 0.509090909090909 0.3669421487603306 0.5008264462809917 0.3537190082644628 0.48429752066115694 0.34710743801652894 0.456198347107438 0.33223140495867765 0.456198347107438 0.3404958677685951 0.6611570247933884 0.2396694214876033 0.6677685950413224 0.1322314049586777 0.6644628099173553 0.12727272727272726 0.43305785123966944 0.14545454545454545 0.43305785123966944 0.14214876033057852 0.34876033057851236 0.03801652892561983 0.3504132231404959 0.03471074380165289 0.31074380165289256 0.14049586776859505 0.30247933884297523 0.15041322314049588 0.11239669421487603
0 0.0 0.4644628099173554 0.04628099173553719 0.4661157024793388 0.04628099173553719 0.6611570247933884 0.0 0.6628099173553719
0 0.0859504132231405 0.026446280991735537 0.15702479338842976 0.026446280991735537 0.15537190082644625 0.0 0.08264462809917356 0.0
1 0.41983471074380163 0.740495867768595 0.4859504132231405 0.7421487603305785 0.48760330578512395 0.7669421487603306 0.4512396694214875 0.7669421487603306 0.4495867768595041 0.8181818181818182 0.41652892561983473 0.8148760330578513
1 0.515702479338843 0.7454545454545455 0.5851239669421487 0.747107438016529 0.5818181818181818 0.8446280991735537 0.5289256198347108 0.8413223140495867 0.5289256198347108 0.8 0.5107438016528926 0.7950413223140496
1 0.5900826446280992 0.8396694214876033 0.5950413223140496 0.7950413223140496 0.6512396694214876 0.8049586776859505 0.6479338842975207 0.8347107438016529
