0 0.14710743801652892 0.8479338842975207 0.26611570247933886 0.9041322314049587 0.2611570247933884 0.9223140495867769 0.315702479338843 0.9421487603305785 0.32231404958677684 0.9289256198347108 0.34710743801652894 0.9421487603305785 0.343801652892562 0.9553719008264463 0.36528925619834707 0.9636363636363636 0.3504132231404959 1.0 0.12066115702479338 1.0 0.1024793388429752 0.9421487603305785
0 0.5041322314049587 0.9834710743801653 0.5917355371900826 0.9041322314049587 0.6082644628099173 0.9239669421487604 0.7305785123966941 0.8198347107438017 0.8396694214876033 0.9388429752066115 0.7785123966942148 1.0 0.5190736138460262 1.0
0 0.8016528925619835 0.543801652892562 0.684297520661157 0.6958677685950413 0.8049586776859505 0.7900826446280992 0.9421487603305785 0.6132231404958678 0.9173553719008265 0.5917355371900826 1.0 0.490909090909091 0.9983471074380165 0.20165289256198346 0.9884297520661157 0.19008264462809918 0.859504132231405 0.3603305785123967 0.8826446280991734 0.3834710743801653 0.775206611570248 0.5239669421487604
0 0.6330578512396694 0.424793388429752 0.5752066115702479 0.5801652892561984 0.48760330578512395 0.547107438016529 0.47603305785123967 0.5818181818181818 0.3586776859504132 0.5388429752066116 0.44297520661157025 0.34710743801652894
0 0.6975206611570247 0.16859504132231404 0.6214876033057851 0.34710743801652894 0.5421487603305785 0.3140495867768595 0.5289256198347108 0.2909090909090909 0.4925619834710744 0.2743801652892562 0.424793388429752 0.23471074380165288 0.47438016528925625 0.11735537190082644 0.4925619834710744 0.10082644628099173 0.5652892561983471 0.1256198347107438 0.571900826446281 0.11570247933884298
0 0.6380165289256199 0.001652892561983471 0.7834710743801652 0.05619834710743801 0.7884297520661157 0.04297520661157025 0.8925619834710744 0.07603305785123966 0.9272727272727272 0.0
0 0.315702479338843 0.5983471074380166 0.4628099173553719 0.6644628099173553 0.4033057851239669 0.8 0.2512396694214876 0.7305785123966941
1 0.6611570247933884 0.9090909090909091 0.747107438016529 1.0 0.7107438016528927 1.0 0.6446280991735537 0.9256198347107438
1 0.5173553719008265 0.22479338842975205 0.5553719008264463 0.23636363636363636 0.5305785123966942 0.28760330578512394 0.49586776859504134 0.27107438016528923
1 0.4826446280991735 0.171900826446281 0.47603305785123967 0.19008264462809918 0.509090909090909 0.20165289256198346 0.515702479338843 0.19008264462809918
1 0.9239669421487604 0.001652892561983471 0.8925619834710744 0.07272727272727272 0.8231404958677686 0.04628099173553719 0.8446280991735537 0.0
1 0.6942148760330579 0.001652892561983471 0.687603305785124 0.01652892561983471 0.6347107438016529 0.001652892561983471
