0 0.6545454545454545 0.3256198347107438 0.7867768595041322 0.3586776859504132 0.747107438016529 0.5338842975206611 0.6082644628099173 0.5057851239669422
0 0.4495867768595041 0.5272727272727272 0.6628099173553719 0.5818181818181818 0.6446280991735537 0.6595041322314049 0.6016528925619835 0.6561983471074381 0.5619834710743802 0.7950413223140496 0.4231404958677686 0.7570247933884298 0.45950413223140496 0.5933884297520661 0.43305785123966944 0.5851239669421487
0 0.228099173553719 0.4661157024793388 0.3768595041322314 0.49917355371900823 0.31735537190082647 0.7669421487603306 0.16859504132231404 0.7289256198347107
0 0.0 0.543801652892562 0.1024793388429752 0.571900826446281 0.0512396694214876 0.7933884297520661 0.0 0.7818181818181819
0 0.171900826446281 0.8611570247933884 0.2115702479338843 0.8462809917355372 0.34545454545454546 0.862809917355372 0.3355371900826446 1.0 0.17520661157024794 1.0 0.1768595041322314 0.9834710743801653 0.15206611570247933 0.9834710743801653
0 0.4099173553719008 0.9371900826446281 0.4826446280991735 0.9388429752066115 0.4859504132231405 0.9140495867768595 0.571900826446281 0.9140495867768595 0.571900826446281 1.0 0.4099173553719008 1.0
0 1.0 0.8661157024793389 0.9603305785123966 0.9570247933884297 1.0 0.971900826446281
0 0.8462809917355372 0.7090909090909091 0.8363636363636363 0.7421487603305785 0.9008264462809917 0.7553719008264462 0.9074380165289255 0.7272727272727273
0 0.7801652892561982 0.0 0.7537190082644628 0.14545454545454545 0.7768595041322314 0.14545454545454545 0.768595041322314 0.17024793388429754 0.971900826446281 0.22479338842975205 0.9851239669421488 0.19173553719008266 1.0 0.19504132231404958 1.0 0.0
0 0.662809917355372 0.0 0.628099173553719 0.11074380165289256 0.5305785123966942 0.07933884297520662 0.5371900826446281 0.05950413223140496 0.40165289256198344 0.0
0 0.3702479338842975 0.20165289256198346 0.47107438016528924 0.22975206611570248 0.45950413223140496 0.2991735537190083 0.4826446280991735 0.31074380165289256 0.4628099173553719 0.431404958677686 0.31735537190082647 0.39669421487603307 0.34710743801652894 0.2694214876033058 0.256198347107438 0.2462809917355372 0.27107438016528923 0.1487603305785124 0.371900826446281 0.171900826446281
0 0.06115702479338843 0.06611570247933884 0.1785123966942149 0.09917355371900827 0.1537190082644628 0.1834710743801653 0.23636363636363636 0.2115702479338843 0.19504132231404958 0.3768595041322314 0.01487603305785124 0.32727272727272727 0.06115702479338843 0.14545454545454545 0.03801652892561983 0.13553719008264462
1 0.6611570247933884 0.4661157024793388 0.7140495867768596 0.4793388429752066 0.705785123966942 0.5024793388429754 0.6561983471074381 0.487603305785124
