0 0.5735537190082645 0.001652892561983471 0.6214876033057851 0.2 0.7900826446280992 0.1652892561983471 0.747107438016529 0.0
0 0.6561983471074381 0.32892561983471075 0.9388429752066115 0.30247933884297523 0.947107438016529 0.41652892561983473 0.996694214876033 0.4115702479338843 1.0 0.6016528925619835 0.9371900826446281 0.6066115702479339 0.9272727272727272 0.49586776859504134 0.6743801652892562 0.515702479338843
0 0.6677685950413224 0.5983471074380166 0.747107438016529 0.7239669421487603 0.5950413223140496 0.8247933884297521 0.515702479338843 0.6975206611570247
0 0.8132231404958677 0.8231404958677686 0.8661157024793389 0.9669421487603306 0.8066115702479338 0.996694214876033 0.7421487603305785 0.996694214876033 0.687603305785124 0.8661157024793389
0 0.3834710743801653 0.9520661157024793 0.4925619834710744 0.8842975206611571 0.4115702479338843 0.7537190082644628 0.33223140495867765 0.8066115702479338 0.3338842975206612 0.8743801652892561
0 0.001652892561983471 0.8661157024793389 0.18016528925619835 0.8661157024793389 0.18677685950413225 0.9950413223140496 0.001652892561983471 0.9983471074380165
0 0.003305785123966942 0.547107438016529 0.0512396694214876 0.5421487603305785 0.05619834710743801 0.7074380165289256 0.0049586776859504135 0.7123966942148761
0 0.2115702479338843 0.49090909090909096 0.20826446280991737 0.6082644628099173 0.456198347107438 0.6148760330578512 0.46115702479338844 0.4925619834710744 0.4495867768595041 0.48925619834710743 0.45289256198347105 0.431404958677686 0.2975206611570248 0.4297520661157025 0.2958677685950413 0.48429752066115694
0 0.001652892561983471 0.15041322314049588 0.049586776859504134 0.14710743801652892 0.06115702479338843 0.3768595041322314 0.0 0.3834710743801653
0 0.1619834710743802 0.13553719008264462 0.33223140495867765 0.10578512396694215 0.3685950413223141 0.32231404958677684 0.19669421487603306 0.3504132231404959
1 0.5785123966942148 0.001652892561983471 0.6231404958677685 0.009917355371900827 0.6545454545454545 0.1371900826446281 0.6099173553719008 0.1487603305785124
1 0.687603305785124 0.001652892561983471 0.715702479338843 0.11074380165289256 0.7652892561983471 0.10909090909090909 0.7355371900826446 0.001652892561983471
1 0.343801652892562 0.24462809917355371 0.2958677685950413 0.2512396694214876 0.2975206611570248 0.2743801652892562 0.3504132231404959 0.26776859504132233
