0 0.006611570247933884 0.5272727272727272 0.18016528925619835 0.5074380165289256 0.1884297520661157 0.5669421487603306 0.16033057851239668 0.5950413223140496 0.1669421487603306 0.6396694214876033 0.03305785123966942 0.6561983471074381 0.02975206611570248 0.6115702479338843 0.008264462809917356 0.5950413223140496
0 0.4099173553719008 0.48760330578512395 0.41818181818181815 0.543801652892562 0.41818181818181827 0.6148760330578512 0.29256198347107437 0.6198347107438017 0.28429752066115704 0.49090909090909096
0 0.6942148760330579 0.5057851239669422 0.7239669421487603 0.4809917355371901 0.7933884297520661 0.4859504132231405 0.8 0.5239669421487604 0.7867768595041322 0.5553719008264463 0.7950413223140493 0.5818181818181818 0.7933884297520661 0.6115702479338843 0.687603305785124 0.6033057851239669 0.6826446280991736 0.5900826446280992 0.6677685950413224 0.5867768595041323 0.6710743801652893 0.5338842975206611 0.6925619834710743 0.5371900826446281
0 0.8859504132231405 0.46942148760330576 0.9669421487603306 0.46115702479338844 1.0 0.4628099173553719 1.0 0.5867768595041323 0.8842975206611571 0.5818181818181818
0 0.747107438016529 0.8 0.890909090909091 0.8330578512396695 0.8661157024793389 0.8842975206611571 0.8611570247933884 0.9454545454545454 0.715702479338843 0.9190082644628099 0.7223140495867768 0.859504132231405
0 1.0 0.9074380165289255 0.9834710743801653 0.9041322314049587 0.9917355371900827 0.7933884297520661 1.0 0.7950413223140496
0 0.39669421487603307 0.7669421487603306 0.5487603305785124 0.8033057851239669 0.515702479338843 0.9586776859504132 0.3586776859504132 0.9322314049586776 0.36363636363636365 0.8743801652892561
0 0.18677685950413225 0.8165289256198346 0.315702479338843 0.8099173553719008 0.31735537190082647 0.9305785123966942 0.1322314049586777 0.9520661157024793 0.12892561983471074 0.828099173553719 0.1322314049586777 0.7851239669421488 0.18016528925619835 0.7801652892561983
0 0.0 0.8528925619834711 0.028099173553719006 0.8446280991735537 0.07768595041322314 0.8925619834710744 0.05289256198347107 0.9520661157024793 0.02975206611570248 1.0 0.0 1.0
1 0.10743801652892562 0.5768595041322314 0.1322314049586777 0.5752066115702479 0.13884297520661157 0.6082644628099173 0.10578512396694215 0.6082644628099173
1 0.3685950413223141 0.8793388429752066 0.4115702479338843 0.8859504132231405 0.4214876033057851 0.9107438016528926 0.41652892561983473 0.9338842975206612 0.3586776859504132 0.9272727272727272
1 0.4413223140495867 0.8876033057851239 0.515702479338843 0.8991735537190082 0.5107438016528926 0.9520661157024793 0.4793388429752066 0.947107438016529 0.4859504132231405 0.912396694214876 0.43636363636363634 0.9057851239669421
