0 0.15041322314049588 0.6561983471074381 0.06611570247933884 0.6446280991735537 0.0809917355371901 0.7305785123966941 0.16363636363636364 0.740495867768595
0 0.05950413223140496 0.4462809917355372 0.0743801652892562 0.5008264462809917 0.23801652892561984 0.4479338842975207 0.23801652892561984 0.41818181818181815 0.21487603305785125 0.39669421487603307
0 0.07107438016528926 0.001652892561983471 0.06776859504132231 0.05289256198347107 0.02975206611570248 0.049586776859504134 0.021487603305785124 0.15041322314049588 0.003305785123966942 0.15041322314049588 0.001652892561983471 0.003305785123966942
0 0.31735537190082647 0.003305785123966942 0.27107438016528923 0.01818181818181818 0.2859504132231405 0.12066115702479338 0.33223140495867765 0.11900826446280992 0.3371900826446281 0.1305785123966942 0.43471074380165287 0.11074380165289256 0.43305785123966944 0.09917355371900827 0.49586776859504134 0.08925619834710745 0.48925619834710743 0.006611570247933884
0 0.5454545454545454 0.003305785123966942 0.5834710743801653 0.08264462809917356 0.705785123966942 0.023140495867768594 0.6991735537190082 0.001652892561983471
0 0.4231404958677686 0.171900826446281 0.5487603305785124 0.14380165289256197 0.5884297520661157 0.32892561983471075 0.41652892561983473 0.3867768595041322 0.3768595041322314 0.24132231404958676 0.431404958677686 0.22479338842975205
0 1.0 0.6677685950413224 0.9867768595041322 0.6429752066115703 0.7818181818181819 0.7702479338842976 0.9057851239669421 0.9619834710743802 0.9983471074380165 0.9057851239669421
0 0.28760330578512394 0.7123966942148761 0.371900826446281 0.6958677685950413 0.4099173553719008 0.8793388429752066 0.32231404958677684 0.902479338842975 0.3256198347107438 0.9256198347107438 0.22148760330578512 0.9520661157024793 0.20826446280991737 0.9173553719008265 0.15867768595041323 0.9305785123966942 0.14545454545454545 0.8264462809917356 0.18512396694214875 0.8132231404958677 0.17355371900826447 0.7603305785123967 0.29256198347107437 0.740495867768595
0 0.5669421487603306 0.9983471074380165 0.5586776859504132 0.965289256198347 0.7239669421487603 0.9239669421487604 0.743801652892562 0.996694214876033
1 0.7272727272727273 0.9818181818181819 0.7338842975206612 0.9983471074380165 0.6942148760330579 0.9983471074380165
1 0.3090909090909091 0.7933884297520661 0.2512396694214876 0.8214876033057851 0.2611570247933884 0.8661157024793389 0.20826446280991737 0.8793388429752066 0.21487603305785125 0.9074380165289255 0.4033057851239669 0.8743801652892561 0.3834710743801653 0.7801652892561983
1 0.2909090909090909 0.715702479338843 0.2975206611570248 0.7537190082644628 0.3735537190082645 0.7371900826446282 0.36528925619834707 0.7008264462809918
1 0.22148760330578512 0.7553719008264462 0.23140495867768596 0.7917355371900825 0.28264462809917357 0.7834710743801652 0.27603305785123966 0.7421487603305785
