0 0.06115702479338843 0.10909090909090909 0.23471074380165288 0.09256198347107437 0.23801652892561984 0.23801652892561984 0.1371900826446281 0.2545454545454545 0.07603305785123966 0.25950413223140495 0.07107438016528926 0.2231404958677686 0.05454545454545454 0.20991735537190082 0.049586776859504134 0.1371900826446281 0.06611570247933884 0.1305785123966942
0 0.3256198347107438 0.09752066115702479 0.4462809917355372 0.09421487603305785 0.44297520661157025 0.21322314049586777 0.32727272727272727 0.21818181818181817 0.31735537190082647 0.1537190082644628
0 0.5206611570247934 0.09256198347107437 0.6446280991735537 0.08925619834710745 0.6512396694214876 0.2066115702479339 0.5619834710743802 0.21983471074380165 0.5553719008264463 0.2066115702479339 0.5305785123966942 0.20991735537190082 0.5190082644628099 0.1619834710743802
0 0.7206611570247934 0.0809917355371901 0.8727272727272727 0.07768595041322314 0.8809917355371901 0.17024793388429754 0.8214876033057851 0.21487603305785125 0.7206611570247934 0.20330578512396694
0 0.9057851239669421 0.07768595041322314 0.8942148760330578 0.2049586776859504 1.0 0.21652892561983472 1.0 0.07933884297520662
0 1.0 0.49421487603305786 0.9702479338842975 0.49586776859504134 0.965289256198347 0.6016528925619835 0.9917355371900827 0.6247933884297521 1.0 0.6247933884297521
0 0.7818181818181819 0.47107438016528924 0.9355371900826445 0.47603305785123967 0.9272727272727272 0.6033057851239669 0.775206611570248 0.6016528925619835 0.7735537190082644 0.5900826446280992 0.7388429752066117 0.5884297520661157 0.743801652892562 0.5355371900826447 0.7289256198347107 0.5107438016528926 0.7338842975206612 0.45785123966942154 0.7801652892561983 0.45950413223140496
0 0.424793388429752 0.4727272727272727 0.5305785123966942 0.4644628099173554 0.5322314049586777 0.49421487603305786 0.6066115702479339 0.48760330578512395 0.6066115702479339 0.5107438016528926 0.687603305785124 0.509090909090909 0.6892561983471075 0.6082644628099173 0.7008264462809918 0.6677685950413224 0.5867768595041323 0.6743801652892562 0.5818181818181818 0.6495867768595042 0.49586776859504134 0.6561983471074381 0.48925619834710743 0.6297520661157024 0.42644628099173554 0.6363636363636364 0.4115702479338843 0.5735537190082645
0 0.6066115702479339 0.743801652892562 0.7818181818181819 0.7603305785123967 0.7702479338842976 0.912396694214876 0.5884297520661157 0.902479338842975
0 0.9520661157024793 0.8082644628099174 1.0 0.8082644628099174 1.0 1.0 0.8495867768595039 1.0 0.856198347107438 0.8809917355371901 0.9504132231404959 0.8842975206611571
0 0.34710743801652894 0.7603305785123967 0.428099173553719 0.7669421487603306 0.5223140495867769 0.7785123966942149 0.509090909090909 0.8727272727272727 0.48760330578512395 0.8743801652892561 0.4826446280991735 0.912396694214876 0.4049586776859504 0.912396694214876 0.34545454545454546 0.9008264462809917 0.3537190082644628 0.8644628099173554 0.3371900826446281 0.859504132231405
0 0.03636363636363636 0.7719008264462811 0.2809917355371901 0.7603305785123967 0.28429752066115704 0.8694214876033057 0.28760330578512394 0.9173553719008265 0.044628099173553724 0.9305785123966942
0 0.1884297520661157 0.5008264462809917 0.23801652892561984 0.49090909090909096 0.2809917355371901 0.4975206611570248 0.29256198347107437 0.4479338842975207 0.3834710743801653 0.4661157024793388 0.3785123966942149 0.5619834710743802 0.3834710743801653 0.6347107438016529 0.21818181818181817 0.6545454545454545 0.19173553719008266 0.6148760330578512
0 0.0 0.41652892561983473 0.05785123966942149 0.4231404958677686 0.047933884297520664 0.46115702479338844 0.07933884297520662 0.46942148760330576 0.07272727272727272 0.512396694214876 0.11570247933884298 0.5272727272727272 0.08429752066115702 0.6743801652892562 0.0 0.6578512396694215
1 0.6033057851239669 0.8512396694214877 0.6479338842975207 0.8528925619834711 0.6446280991735537 0.902479338842975 0.6016528925619835 0.8991735537190082
1 0.705785123966942 0.856198347107438 0.7603305785123967 0.859504132231405 0.7553719008264462 0.9090909090909091 0.6975206611570247 0.9041322314049587
