0 0.571900826446281 0.1619834710743802 0.6776859504132231 0.0628099173553719 0.7867768595041322 0.1884297520661157 0.6727272727272726 0.2809917355371901
0 0.7636363636363638 0.5801652892561984 0.8016528925619835 0.6595041322314049 0.7669421487603306 0.6793388429752066 0.8 0.747107438016529 0.740495867768595 0.7834710743801652 0.747107438016529 0.7983471074380165 0.6925619834710743 0.8264462809917356 0.6198347107438017 0.8264462809917356 0.5586776859504132 0.7074380165289256 0.5553719008264463 0.6809917355371902 0.6479338842975207 0.6297520661157024 0.7074380165289256 0.5950413223140496 0.7140495867768596 0.6049586776859505
0 0.5421487603305785 0.6148760330578512 0.4033057851239669 0.6942148760330579 0.35537190082644626 0.6198347107438017 0.2909090909090909 0.6727272727272726 0.3752066115702479 0.8066115702479338 0.5553719008264463 0.7107438016528925 0.5537190082644627 0.6809917355371902 0.571900826446281 0.6677685950413224
0 0.23140495867768596 0.7520661157024794 0.2991735537190083 0.859504132231405 0.24462809917355371 0.9041322314049587 0.14545454545454545 0.9504132231404959 0.09917355371900827 0.8661157024793389 0.05785123966942149 0.9074380165289255 0.003305785123966942 0.8446280991735537 0.05785123966942149 0.7933884297520661 0.10909090909090909 0.7553719008264462 0.15206611570247933 0.8066115702479338
0 0.0 0.18677685950413225 0.05785123966942149 0.2611570247933884 0.0 0.3123966942148761
0 0.0 0.8 0.024793388429752067 0.7818181818181819 0.006611570247933884 0.6512396694214876 0.0 0.652892561983471
1 0.19669421487603306 0.8330578512396695 0.24958677685950412 0.7966942148760332 0.29256198347107437 0.859504132231405 0.24132231404958676 0.8958677685950414
1 0.6148760330578512 0.1322314049586777 0.7074380165289256 0.23801652892561984 0.6694214876033058 0.2743801652892562 0.5752066115702479 0.1652892561983471
1 0.6743801652892562 0.1652892561983471 0.705785123966942 0.14214876033057852 0.7553719008264462 0.20330578512396694 0.775206611570248 0.19173553719008266 0.6925619834710743 0.08925619834710745 0.6628099173553719 0.09256198347107437 0.628099173553719 0.11239669421487603
1 0.171900826446281 0.8396694214876033 0.1322314049586777 0.8661157024793389 0.14214876033057852 0.8859504132231405 0.18512396694214875 0.8578512396694216
