0 0.05289256198347107 0.03140495867768595 0.14710743801652892 0.05950413223140496 0.12892561983471074 0.14214876033057852 0.02975206611570248 0.1140495867768595
0 0.8082644628099174 0.49917355371900823 0.9454545454545454 0.5024793388429752 0.9404958677685952 0.5553719008264463 0.9371900826446281 0.6247933884297521 0.8462809917355372 0.6297520661157024 0.8148760330578513 0.6231404958677685 0.8033057851239669 0.6016528925619835
0 1.0 0.859504132231405 0.9239669421487604 0.849586776859504 0.912396694214876 0.9636363636363636 1.0 0.9768595041322314
0 0.6776859504132231 0.8049586776859505 0.8 0.8181818181818182 0.7884297520661157 0.8661157024793389 0.7900826446280992 0.9322314049586776 0.6661157024793388 0.9206611570247933 0.6677685950413224 0.859504132231405
0 0.24132231404958676 0.7454545454545455 0.3256198347107438 0.7487603305785124 0.32231404958677684 0.7785123966942149 0.35537190082644626 0.7801652892561983 0.3504132231404959 0.8297520661157026 0.3504132231404959 0.8793388429752066 0.23140495867768596 0.8710743801652893 0.2231404958677686 0.8214876033057851
0 0.09256198347107437 0.7719008264462811 0.1669421487603306 0.7768595041322314 0.15702479338842976 0.849586776859504 0.15537190082644628 0.8991735537190082 0.05950413223140496 0.8942148760330578 0.05785123966942149 0.9107438016528926 0.0 0.9090909090909091 0.0 0.793388429752066 0.0859504132231405 0.7983471074380165
0 0.5702479338842975 0.4793388429752066 0.6545454545454545 0.4826446280991735 0.6545454545454545 0.49917355371900823 0.7388429752066117 0.5008264462809917 0.7272727272727273 0.5487603305785124 0.7338842975206612 0.6066115702479339 0.5636363636363636 0.6049586776859505 0.5586776859504132 0.5487603305785124
0 0.4099173553719008 0.5008264462809917 0.5371900826446281 0.5024793388429751 0.5355371900826447 0.6033057851239669 0.49586776859504134 0.6033057851239669 0.49421487603305786 0.6214876033057851 0.4049586776859504 0.6181818181818182
0 0.1371900826446281 0.4809917355371901 0.22479338842975205 0.4809917355371901 0.31239669421487604 0.49586776859504134 0.30413223140495865 0.6165289256198347 0.2545454545454545 0.628099173553719 0.18512396694214875 0.6264462809917355 0.18016528925619835 0.6661157024793388 0.11239669421487603 0.6611570247933884 0.11735537190082644 0.6082644628099173 0.1305785123966942 0.6066115702479339
0 -1.1102230246251568e-18 0.46115702479338844 0.07272727272727272 0.46115702479338844 0.05619834710743801 0.5107438016528926 0.06611570247933884 0.5884297520661157 0.0 0.5900826446280992
