0 0.0 0.006611570247933884 0.06446280991735537 0.026446280991735537 0.07272727272727272 0.03966942148760331 0.049586776859504134 0.1140495867768595 0.01487603305785124 0.1256198347107438 0.0 0.12066115702479338
0 0.5190082644628099 0.09586776859504133 0.5487603305785124 0.10413223140495868 0.5636363636363636 0.07272727272727272 0.6016528925619835 0.0859504132231405 0.6082644628099173 0.07272727272727272 0.7851239669421488 0.13884297520661157 0.7272727272727273 0.28429752066115704 0.596694214876033 0.24462809917355371 0.4826446280991735 0.19008264462809918
0 1.0 0.24462809917355371 0.9206611570247933 0.1785123966942149 0.8528925619834711 0.2727272727272727 0.9190082644628099 0.3256198347107438 1.0 0.3685950413223141
0 0.8132231404958677 0.45289256198347105 0.9289256198347108 0.5024793388429752 0.8859504132231405 0.6082644628099173 0.8198347107438017 0.5884297520661157 0.747107438016529 0.5520661157024793 0.7735537190082644 0.48760330578512395 0.7966942148760332 0.49917355371900823
0 0.7900826446280992 0.7735537190082644 0.9008264462809917 0.8413223140495867 0.8165289256198346 0.9851239669421488 0.7123966942148761 0.9388429752066115 0.6545454545454545 0.890909090909091 0.7272727272727273 0.7719008264462811 0.7735537190082644 0.8066115702479338
0 1.0 0.8975206611570248 0.9685950413223139 0.8793388429752066 0.8942148760330578 1.0 1.0 1.0
0 0.5818181818181818 0.9818181818181819 0.5636363636363636 1.0 0.6148760330578512 1.0
0 0.515702479338843 0.9173553719008265 0.4793388429752066 0.9603305785123966 0.4628099173553719 1.0 0.29421487603305785 0.9206611570247933 0.315702479338843 0.8710743801652893 0.35206611570247937 0.8198347107438017
0 0.46942148760330576 0.5884297520661157 0.41818181818181815 0.6611570247933884 0.3834710743801653 0.7272727272727273 0.3933884297520661 0.7619834710743801 0.48925619834710743 0.8165289256198346 0.5256198347107438 0.7537190082644628 0.5685950413223141 0.7719008264462811 0.6132231404958678 0.7421487603305785 0.6330578512396694 0.7024793388429752 0.5983471074380166 0.6809917355371902 0.6082644628099173 0.6611570247933884
0 0.5008264462809917 0.30413223140495865 0.6363636363636364 0.3586776859504132 0.5851239669421487 0.47768595041322315 0.5322314049586777 0.4644628099173554 0.5256198347107438 0.4793388429752066 0.4727272727272727 0.4644628099173554 0.4033057851239669 0.428099173553719 0.4231404958677686 0.371900826446281 0.33884297520661155 0.33223140495867765 0.3933884297520661 0.20330578512396694 0.515702479338843 0.2545454545454545
0 0.11239669421487603 0.29421487603305785 0.11900826446280992 0.31239669421487604 0.24132231404958676 0.3074380165289256 0.24793388429752067 0.3834710743801653 0.22479338842975205 0.43636363636363634 0.14214876033057852 0.4512396694214875 0.07933884297520662 0.4462809917355372 0.07272727272727272 0.41652892561983473 0.026446280991735537 0.4231404958677686 0.006611570247933884 0.30247933884297523 0.06115702479338843 0.28429752066115704
0 0.0809917355371901 0.6462809917355372 0.2578512396694215 0.7256198347107436 0.23140495867768596 0.7652892561983471 0.19834710743801653 0.862809917355372 0.07272727272727272 0.8132231404958677 0.05785123966942149 0.8528925619834711 0.0 0.828099173553719 0.0 0.6644628099173553 0.05289256198347107 0.684297520661157
1 0.15867768595041323 0.32066115702479336 0.1652892561983471 0.3586776859504132 0.24132231404958676 0.3537190082644628 0.23636363636363636 0.31239669421487604
1 0.009917355371900827 0.30247933884297523 0.04628099173553719 0.2975206611570248 0.05454545454545454 0.3735537190082645 0.021487603305785124 0.38016528925619836
1 0.4380165289256198 0.9454545454545454 0.4297520661157025 0.9619834710743802 0.45950413223140496 0.9818181818181819 0.47438016528925625 0.9636363636363636
1 0.36528925619834707 0.9586776859504132 0.39008264462809916 0.971900826446281 0.3785123966942149 0.9867768595041322 0.35206611570247937 0.9752066115702479
