0 0.9388429752066115 0.43636363636363634 0.9008264462809917 0.4826446280991735 0.890909090909091 0.47107438016528924 0.7239669421487603 0.6545454545454545 0.7950413223140496 0.715702479338843 0.9785123966942149 0.515702479338843 0.9702479338842975 0.5041322314049587 0.9851239669421488 0.48429752066115694
0 1.0 0.705785123966942 0.912396694214876 0.8132231404958677 1.0 0.8859504132231405
0 1.0 0.11239669421487603 0.8727272727272727 0.2578512396694215 1.0 0.36363636363636365
0 0.6991735537190082 0.03801652892561983 0.6413223140495867 0.13388429752066117 0.6677685950413224 0.15206611570247933 0.5685950413223141 0.30247933884297523 0.6743801652892562 0.3735537190082645 0.7239669421487603 0.315702479338843 0.7702479338842976 0.3504132231404959 0.8396694214876033 0.2727272727272727 0.8181818181818182 0.2628099173553719 0.8826446280991734 0.18181818181818182
0 0.7239669421487603 0.428099173553719 0.7603305785123967 0.46115702479338844 0.8 0.4132231404958678 0.7636363636363638 0.3785123966942149
0 0.07272727272727272 0.2611570247933884 0.3504132231404959 0.43636363636363634 0.30082644628099175 0.5140495867768595 0.019834710743801654 0.34876033057851236
0 0.2115702479338843 0.06115702479338843 0.27107438016528923 0.13388429752066117 0.39008264462809916 0.2115702479338843 0.4826446280991735 0.08760330578512397 0.3768595041322314 0.0 0.25950413223140495 0.0
0 0.11570247933884298 0.47107438016528924 0.23636363636363636 0.5685950413223141 0.15537190082644628 0.6809917355371902 0.03305785123966942 0.5950413223140496
0 0.044628099173553724 0.6512396694214876 0.12892561983471074 0.7090909090909091 0.0 0.8876033057851239 0.0 0.7157024793388431
0 0.0 0.5504132231404959 0.03305785123966942 0.5685950413223141 0.0 0.6132231404958678
1 0.006611570247933884 0.7785123966942149 0.05289256198347107 0.7107438016528925 0.08264462809917356 0.7338842975206612 0.02975206611570248 0.8132231404958677 0.0 0.7950413223140496
1 0.36198347107438017 0.026446280991735537 0.31074380165289256 0.09586776859504133 0.3256198347107438 0.11074380165289256 0.38016528925619836 0.03966942148760331
1 0.11900826446280992 0.5900826446280992 0.09917355371900827 0.6099173553719008 0.15867768595041323 0.6545454545454545 0.17520661157024794 0.6413223140495867
