0 0.0 0.05950413223140496 0.05950413223140496 0.05950413223140496 0.05950413223140496 0.07768595041322314 0.11735537190082644 0.08429752066115702 0.11735537190082644 0.06776859504132231 0.18677685950413225 0.07272727272727272 0.18512396694214875 0.08429752066115702 0.2512396694214876 0.0859504132231405 0.2512396694214876 0.07107438016528926 0.41983471074380163 0.0809917355371901 0.4231404958677687 0.0 0.0 0.0
0 0.49917355371900823 0.0 0.49586776859504134 0.04628099173553719 0.540495867768595 0.04628099173553719 0.5388429752066116 0.09917355371900827 0.6809917355371902 0.09421487603305785 0.6793388429752066 0.11900826446280992 0.8264462809917356 0.12231404958677686 0.828099173553719 0.08429752066115702 0.8743801652892561 0.06115702479338843 0.8760330578512396 0.0
0 0.9537190082644628 0.0 0.9636363636363636 0.05619834710743801 0.9834710743801653 0.14380165289256197 1.0 0.1371900826446281 1.0 0.0
0 0.8793388429752066 0.3685950413223141 0.8793388429752066 0.5355371900826447 0.6082644628099173 0.5421487603305785 0.6049586776859505 0.4066115702479339 0.6760330578512397 0.4099173553719008 0.6776859504132231 0.3851239669421488 0.7834710743801652 0.3851239669421488 0.7768595041322314 0.3685950413223141
0 0.3504132231404959 0.3702479338842975 0.5140495867768595 0.371900826446281 0.509090909090909 0.515702479338843 0.3570247933884298 0.5107438016528926
0 0.5388429752066116 0.45785123966942154 0.5818181818181818 0.4628099173553719 0.5801652892561984 0.5355371900826447 0.5355371900826447 0.5338842975206611
0 0.0 0.3305785123966942 0.24793388429752067 0.33223140495867765 0.24297520661157024 0.4033057851239669 0.25950413223140495 0.4033057851239669 0.2644628099173554 0.5338842975206611 0.0 0.5289256198347108
0 0.15041322314049588 0.6066115702479339 0.4446280991735537 0.6132231404958678 0.4413223140495867 0.7388429752066117 0.14545454545454545 0.7272727272727273
0 0.5173553719008265 0.6148760330578512 0.7884297520661157 0.6214876033057851 0.7818181818181819 0.7388429752066117 0.515702479338843 0.7355371900826446
0 0.6809917355371902 0.8330578512396695 0.856198347107438 0.8429752066115702 0.8776859504132232 0.9586776859504132 0.7206611570247934 0.9553719008264463
0 1.0 0.5834710743801653 0.9603305785123966 0.5818181818181818 0.965289256198347 0.6214876033057851 0.9504132231404959 0.6214876033057851 0.9586776859504132 0.7223140495867768 1.0 0.71900826446281
0 0.8462809917355372 0.7322314049586777 0.9619834710743802 0.7272727272727273 0.9685950413223139 0.7867768595041322 0.9140495867768595 0.7867768595041322 0.912396694214876 0.7735537190082644 0.8479338842975207 0.7818181818181819
0 0.9785123966942149 0.8528925619834711 1.0 0.8528925619834711 1.0 0.9851239669421488 0.9884297520661157 0.985123966942149
0 0.0 0.8165289256198346 0.08429752066115702 0.8115702479338843 0.10413223140495868 0.8264462809917356 0.1140495867768595 1.0 0.0 1.0
0 0.12892561983471074 0.8264462809917356 0.315702479338843 0.8181818181818181 0.32066115702479336 0.9900826446280991 0.18512396694214875 1.0 0.13884297520661157 1.0
1 0.15206611570247933 0.6760330578512397 0.21983471074380165 0.6727272727272726 0.22644628099173553 0.6859504132231407 0.36363636363636365 0.6925619834710743 0.3785123966942149 0.6793388429752066 0.43636363636363634 0.6793388429752066 0.4413223140495867 0.7388429752066117 0.15206611570247933 0.7272727272727273
1 0.15867768595041323 0.8330578512396695 0.20991735537190082 0.8314049586776859 0.21487603305785125 0.9884297520661157 0.16033057851239668 0.9917355371900827
1 0.22975206611570248 0.8264462809917356 0.228099173553719 0.8760330578512396 0.28264462809917357 0.8776859504132232 0.28264462809917357 0.8264462809917356
1 0.23140495867768596 0.9338842975206612 0.28760330578512394 0.9371900826446281 0.2892561983471074 0.9884297520661157 0.23140495867768596 0.9867768595041322
1 0.7305785123966941 0.8462809917355372 0.7272727272727273 0.8809917355371901 0.8462809917355372 0.8842975206611571 0.8429752066115702 0.8710743801652893 0.8264462809917356 0.8512396694214877
1 0.7305785123966941 0.9057851239669421 0.7272727272727273 0.9487603305785125 0.8446280991735537 0.9537190082644628 0.8462809917355372 0.912396694214876
1 0.5454545454545454 0.04132231404958678 0.6049586776859505 0.03966942148760331 0.6033057851239669 0.09090909090909091 0.5454545454545454 0.08925619834710745
