0 0.5256198347107438 0.7537190082644628 0.6561983471074381 0.8975206611570248 0.5487603305785124 0.9983471074380165 0.5041322314049587 0.9983471074380165 0.3884297520661157 0.8661157024793389
0 0.7487603305785124 0.9322314049586776 0.8066115702479338 0.996694214876033 0.6760330578512397 0.9950413223140496
0 0.9090909090909091 0.8859504132231405 0.8826446280991734 0.9190082644628099 0.9388429752066115 0.9537190082644628 0.9785123966942149 0.9619834710743802 0.9917355371900827 0.9421487603305785
0 0.5289256198347108 0.6396694214876033 0.32727272727272727 0.7917355371900825 0.2462809917355372 0.7008264462809918 0.19834710743801653 0.740495867768595 0.2231404958677686 0.7735537190082644 0.1652892561983471 0.8198347107438017 0.1140495867768595 0.7504132231404959 0.17355371900826447 0.6975206611570247 0.1537190082644628 0.6694214876033058 0.1322314049586777 0.6809917355371902 0.09256198347107437 0.6760330578512397 0.03305785123966942 0.6016528925619835 0.03636363636363636 0.5537190082644629 0.049586776859504134 0.540495867768595 0.03966942148760331 0.5256198347107438 0.19173553719008266 0.39008264462809916 0.2958677685950413 0.5107438016528926 0.315702479338843 0.49421487603305786 0.4132231404958678 0.5024793388429752
0 0.0 0.856198347107438 0.13884297520661157 0.8644628099173554 0.1322314049586777 0.996694214876033 0.0 0.996694214876033
0 0.21818181818181817 0.996694214876033 0.21818181818181817 0.9867768595041322 0.32727272727272727 0.9702479338842975 0.343801652892562 0.9950413223140496
0 0.001652892561983471 0.07768595041322314 0.03966942148760331 0.06942148760330578 0.05950413223140496 0.12727272727272726 0.08264462809917356 0.12231404958677686 0.09586776859504133 0.17024793388429754 0.12066115702479338 0.1652892561983471 0.15041322314049588 0.28429752066115704 0.001652892561983471 0.32231404958677684
1 0.36198347107438017 0.6413223140495867 0.4099173553719008 0.7024793388429752 0.315702479338843 0.7785123966942149 0.2694214876033058 0.7206611570247934
1 0.5256198347107438 0.7553719008264462 0.6479338842975207 0.8925619834710744 0.5239669421487604 0.9950413223140496 0.4033057851239669 0.8578512396694216
1 0.003305785123966942 0.971900826446281 0.12727272727272726 0.9785123966942149 0.12231404958677686 0.9983471074380165 0.0 0.9983471074380165
