0 0.0 0.3553719008264464 0.03801652892561983 0.4727272727272727 0.16033057851239668 0.4297520661157025 0.19504132231404958 0.5537190082644629 0.1834710743801653 0.5586776859504132 0.2115702479338843 0.631404958677686 0.1884297520661157 0.7355371900826446 0.026446280991735537 0.6892561983471075 0.03966942148760331 0.6347107438016529 0.03801652892561983 0.6082644628099173 0.019834710743801654 0.5834710743801653 0.0 0.5851239669421487
0 0.0 0.7305785123966941 0.06611570247933884 0.747107438016529 0.05950413223140496 0.7603305785123967 0.09752066115702479 0.775206611570248 0.047933884297520664 0.8876033057851239 0.0 0.9669421487603306
0 0.1669421487603306 0.7669421487603306 0.1140495867768595 0.890909090909091 0.15867768595041323 0.9090909090909091 0.15867768595041323 0.9239669421487604 0.29256198347107437 0.9851239669421488 0.30578512396694213 0.9735537190082646 0.3553719008264464 1.0 0.431404958677686 0.8677685950413223 0.3074380165289256 0.8148760330578513
0 0.0 0.29090909090909084 0.315702479338843 0.3917355371900826 0.3851239669421488 0.2512396694214876 0.28429752066115704 0.20165289256198346 0.29421487603305785 0.17355371900826447 0.3768595041322314 0.22479338842975205 0.509090909090909 0.06611570247933884 0.428099173553719 0.0 0.13884297520661157 0.0 0.07603305785123966 0.12727272727272726 0.16033057851239668 0.14545454545454545 0.1619834710743802 0.1652892561983471 0.028099173553719006 0.18181818181818182 0.0 0.2396694214876033
0 0.5057851239669422 0.315702479338843 0.6148760330578512 0.23140495867768596 0.7818181818181819 0.4115702479338843 0.6909090909090909 0.48925619834710743 0.6049586776859505 0.43305785123966944
0 0.6181818181818182 0.8264462809917356 0.4082644628099173 0.740495867768595 0.46115702479338844 0.6214876033057851 0.48429752066115694 0.6297520661157024 0.5239669421487604 0.5487603305785124 0.7206611570247934 0.5933884297520661
0 0.828099173553719 0.5933884297520661 0.687603305785124 0.7735537190082644 0.7785123966942149 0.8429752066115702 0.8396694214876033 0.7669421487603306 0.8132231404958677 0.7371900826446282 0.8429752066115701 0.6958677685950413 0.8661157024793389 0.7090909090909091 0.8958677685950414 0.6793388429752066 0.9289256198347108 0.7041322314049587 0.8991735537190082 0.747107438016529 1.0 0.8198347107438017 1.0 0.628099173553719 0.9256198347107438 0.5735537190082645 0.8826446280991734 0.6231404958677685
0 0.859504132231405 0.7603305785123967 0.747107438016529 0.9239669421487604 0.8545454545454545 1.0 0.9008264462809917 1.0 0.9206611570247933 0.9785123966942149 0.9553719008264463 1.0 1.0 1.0 1.0 0.8264462809917356 0.9818181818181819 0.8462809917355372
0 0.5338842975206612 0.0 0.5603305785123966 0.05950413223140496 0.6776859504132231 0.0
0 0.7471074380165288 0.0 0.7917355371900825 0.04628099173553719 0.8495867768595039 0.0
1 0.6297520661157024 0.6049586776859505 0.6 0.6694214876033058 0.6462809917355372 0.6925619834710743 0.6561983471074381 0.6793388429752066 0.6396694214876033 0.6611570247933884 0.6214876033057851 0.6545454545454545 0.6446280991735537 0.6115702479338843
1 0.5917355371900826 0.008264462809917356 0.5619834710743802 0.023140495867768594 0.5735537190082645 0.04132231404958678 0.6033057851239669 0.026446280991735537
1 0.30413223140495865 0.03801652892561983 0.29421487603305785 0.05289256198347107 0.35537190082644626 0.09256198347107437 0.3702479338842975 0.0743801652892562
