0 0.03966942148760331 0.5652892561983471 0.2049586776859504 0.6809917355371902 0.06776859504132231 0.8661157024793389 0.0 0.8214876033057851 0.0 0.6181818181818182
0 0.5603305785123966 0.7768595041322314 0.4809917355371901 0.890909090909091 0.6214876033057851 1.0 0.6479338842975207 1.0 0.7223140495867768 0.8925619834710744 0.5884297520661157 0.7966942148760329
0 0.8809917355371901 0.8347107438016529 0.8 0.947107438016529 0.8793388429752066 1.0 0.9619834710743802 1.0 0.9983471074380164 0.9520661157024793 0.9322314049586776 0.8958677685950414 0.9454545454545454 0.8826446280991734
0 0.18016528925619835 0.14214876033057852 0.2049586776859504 0.24462809917355371 0.35206611570247937 0.2115702479338843 0.3603305785123967 0.23636363636363636 0.5024793388429752 0.2 0.46115702479338844 0.04628099173553719 0.256198347107438 0.09586776859504133 0.25950413223140495 0.11074380165289256
0 0.8214876033057851 0.1785123966942149 0.6892561983471075 0.3669421487603306 0.9256198347107438 0.5289256198347108 1.0 0.42479338842975195 1.0 0.3504132231404959 0.9570247933884297 0.32066115702479336
0 0.6694214876033058 0.4396694214876033 0.8264462809917356 0.5553719008264463 0.7933884297520661 0.6016528925619835 0.6363636363636364 0.48760330578512395
0 0.5652892561983471 0.46776859504132223 0.8314049586776859 0.6545454545454545 0.7338842975206612 0.7884297520661157 0.4661157024793388 0.596694214876033
0 0.9619834710743802 0.0 0.8165289256198346 0.10743801652892562 0.856198347107438 0.15867768595041323 1.0 0.056198347107438006 1.0 0.0
0 0.3371900826446281 0.24793388429752067 0.4826446280991735 0.39008264462809916 0.39008264462809916 0.4925619834710744 0.21487603305785125 0.3735537190082645
0 0.30247933884297523 0.9487603305785125 0.3834710743801653 1.0 0.26280991735537185 1.0
1 0.28264462809917357 0.3090909090909091 0.42644628099173554 0.44297520661157025 0.39669421487603307 0.47438016528925625 0.3603305785123967 0.4479338842975207 0.343801652892562 0.456198347107438 0.2330578512396694 0.3570247933884298
1 0.6148760330578512 0.6413223140495867 0.7123966942148761 0.7140495867768596 0.7024793388429752 0.7256198347107436 0.6033057851239669 0.6561983471074381
1 0.8214876033057851 0.1024793388429752 0.859504132231405 0.15867768595041323 1.0 0.057851239669421475 1.0 0.0 0.9586776859504132 0.0
