0 0.0 0.7272727272727273 0.09256198347107437 0.7206611570247934 0.10578512396694215 0.947107438016529 0.0 0.9553719008264463
0 0.1884297520661157 0.6991735537190082 0.19504132231404958 0.8793388429752066 0.30247933884297523 0.8743801652892561 0.3090909090909091 1.0 0.49586776859504134 1.0 0.49090909090909096 0.8330578512396695 0.4661157024793388 0.8380165289256198 0.34876033057851236 0.6909090909090909
0 0.0 0.32066115702479336 0.01818181818181818 0.31735537190082647 0.028099173553719006 0.47603305785123967 0.12892561983471074 0.4661157024793388 0.1322314049586777 0.5289256198347108 0.09256198347107437 0.5338842975206611 0.09256198347107437 0.5619834710743802 0.08264462809917356 0.5586776859504132 0.0859504132231405 0.6049586776859505 0.0 0.6132231404958679
0 0.2049586776859504 0.011570247933884297 0.2049586776859504 0.07603305785123966 0.2578512396694215 0.07933884297520662 0.27107438016528923 0.15206611570247933 0.428099173553719 0.13884297520661157 0.4231404958677686 0.023140495867768594 0.3074380165289256 0.03305785123966942 0.3008264462809917 0.001652892561983471
0 0.3586776859504132 0.3256198347107438 0.6826446280991736 0.21487603305785125 0.7603305785123967 0.4413223140495867 0.8545454545454545 0.7140495867768596 0.8727272727272727 0.7074380165289256 0.8975206611570248 0.7719008264462811 0.8826446280991734 0.7801652892561983 0.9173553719008265 0.8760330578512396 0.8776859504132232 0.8876033057851239 0.8859504132231405 0.9008264462809917 0.8198347107438017 0.9272727272727272 0.8148760330578513 0.9140495867768595 0.7801652892561983 0.9256198347107438 0.7371900826446282 0.7801652892561983 0.7024793388429752 0.7933884297520661 0.6016528925619835 0.49090909090909096 0.6099173553719008 0.4826446280991735 0.6 0.45454545454545453 0.5818181818181818 0.45950413223140496 0.571900826446281 0.42644628099173554 0.515702479338843 0.44297520661157025 0.5041322314049587 0.4231404958677686 0.4033057851239669 0.4512396694214875
0 0.8049586776859505 0.41983471074380163 0.9272727272727272 0.371900826446281 0.9553719008264463 0.4413223140495867 0.9454545454545454 0.4495867768595041 0.9520661157024793 0.46942148760330576 0.8446280991735537 0.509090909090909 0.8347107438016529 0.4859504132231405 0.8264462809917356 0.48925619834710743
1 0.859504132231405 0.47438016528925625 0.8661157024793389 0.49421487603305786 0.9487603305785125 0.46942148760330576 0.9404958677685952 0.4479338842975207
1 0.543801652892562 0.3702479338842975 0.547107438016529 0.39008264462809916 0.5900826446280992 0.3702479338842975 0.5900826446280992 0.3537190082644628
1 0.21652892561983472 0.01487603305785124 0.2528925619834711 0.011570247933884297 0.2628099173553719 0.07107438016528926 0.21322314049586777 0.0743801652892562
1 0.0 0.5752066115702479 0.02975206611570248 0.5702479338842975 0.03140495867768595 0.6049586776859505 0.0 0.6099173553719007
1 0.0 0.7421487603305785 0.06115702479338843 0.7338842975206612 0.07107438016528926 0.9173553719008265 0.0 0.9206611570247933
1 0.6413223140495867 0.5024793388429752 0.6925619834710743 0.48760330578512395 0.687603305785124 0.47603305785123967 0.7355371900826446 0.4628099173553719 0.7966942148760332 0.6198347107438017 0.775206611570248 0.628099173553719 0.7768595041322314 0.6446280991735537 0.7520661157024794 0.6528925619834712 0.768595041322314 0.7140495867768596 0.7173553719008264 0.7305785123966941 0.6942148760330579 0.6743801652892562 0.6743801652892562 0.6859504132231407 0.6148760330578512 0.5272727272727272 0.6413223140495867 0.5206611570247934
