0 0.16363636363636364 0.9950413223140496 0.2115702479338843 0.971900826446281 0.47438016528925625 0.8892561983471075 0.515702479338843 0.9983471074380165
0 0.5289256198347108 0.8512396694214877 0.5752066115702479 0.8049586776859505 0.8297520661157026 0.7338842975206612 0.8776859504132232 0.8925619834710744 0.6132231404958678 0.9702479338842975 0.5636363636363636 0.9685950413223139
0 0.9983471074380165 0.747107438016529 0.9140495867768595 0.7801652892561983 0.9785123966942149 0.9983471074380165 1.0 1.0
0 0.9041322314049587 0.22479338842975205 0.9752066115702479 0.4231404958677686 0.6066115702479339 0.5454545454545454 0.5752066115702479 0.46776859504132223 0.15537190082644628 0.6247933884297521 0.15206611570247933 0.6049586776859505 0.0 0.6595041322314049 0.0 0.3735537190082644 0.15206611570247933 0.31735537190082647 0.1619834710743802 0.3371900826446281 0.24297520661157024 0.30578512396694213 0.18512396694214875 0.12727272727272726 0.3586776859504132 0.05785123966942149 0.3818181818181819 0.12066115702479338 0.3917355371900826 0.11900826446280992 0.43471074380165287 0.22479338842975205 0.4479338842975207 0.21983471074380165 0.4628099173553719 0.2793388429752066 0.4793388429752066 0.2727272727272727 0.49586776859504134 0.30413223140495865 0.5520661157024793 0.2809917355371901 0.5735537190082645 0.343801652892562
0 0.45454545454545453 0.0 0.5520661157024793 0.2611570247933884 0.6909090909090909 0.2115702479338843 0.7090909090909091 0.23801652892561984 0.9454545454545454 0.15867768595041323 0.9223140495867769 0.10743801652892562 0.8925619834710744 0.11735537190082644 0.8462809917355372 0.0
0 0.0049586776859504135 0.31239669421487604 0.09421487603305785 0.28429752066115704 0.07107438016528926 0.21322314049586777 0.0512396694214876 0.21818181818181817 0.01818181818181818 0.1322314049586777 0.001652892561983471 0.1371900826446281
1 0.5768595041322314 0.24297520661157024 0.7371900826446282 0.18512396694214875 0.6595041322314049 0.001652892561983471 0.47603305785123967 0.001652892561983471
1 0.39008264462809916 0.1322314049586777 0.41983471074380163 0.22479338842975205 0.2958677685950413 0.26776859504132233 0.2578512396694215 0.18181818181818182
1 0.5537190082644629 0.3570247933884298 0.5768595041322314 0.41983471074380163 0.3851239669421488 0.49090909090909096 0.34710743801652894 0.4 0.47438016528925625 0.35537190082644626 0.4826446280991735 0.38016528925619836
1 0.3338842975206612 0.4099173553719008 0.3702479338842975 0.4975206611570248 0.2975206611570248 0.5190082644628099 0.2644628099173554 0.43471074380165287
1 0.23140495867768596 0.4099173553719008 0.28264462809917357 0.5256198347107438 0.27107438016528923 0.5338842975206611 0.21487603305785125 0.41652892561983473
1 0.2049586776859504 0.456198347107438 0.23801652892561984 0.543801652892562 0.1933884297520661 0.5619834710743802 0.15206611570247933 0.4727272727272727
1 0.10082644628099173 0.343801652892562 0.11074380165289256 0.3768595041322314 0.06446280991735537 0.39669421487603307 0.04628099173553719 0.431404958677686 0.001652892561983471 0.4495867768595041 0.001652892561983471 0.3818181818181819
1 0.01818181818181818 0.48925619834710743 0.026446280991735537 0.5074380165289256 0.08264462809917356 0.4859504132231405 0.11900826446280992 0.5900826446280992 0.0 0.6330578512396694 0.0 0.49586776859504134
