0 0.0 0.9289256198347108 0.39669421487603307 0.9421487603305785 0.41983471074380163 0.9520661157024793 0.41983471074380174 1.0 0.0 1.0
0 0.4975206611570248 1.0 0.49917355371900823 0.9520661157024793 0.6826446280991736 0.9520661157024793 0.684297520661157 0.9636363636363636 0.8727272727272727 0.965289256198347 0.8727272727272727 1.0
0 0.9570247933884297 1.0 0.9520661157024793 0.9801652892561984 1.0 0.9619834710743802 1.0 1.0
0 1.0 0.6082644628099174 0.9041322314049587 0.6099173553719008 0.8842975206611571 0.5950413223140496 0.8793388429752066 0.7619834710743801 1.0 0.7669421487603306
0 0.6628099173553719 0.3570247933884298 0.6413223140495867 0.47603305785123967 0.7900826446280992 0.5024793388429752 0.8115702479338843 0.3685950413223141 0.7223140495867768 0.34876033057851236 0.71900826446281 0.371900826446281
0 0.47438016528925625 0.6231404958677685 0.596694214876033 0.6297520661157024 0.5933884297520661 0.6462809917355372 0.7272727272727273 0.6512396694214876 0.7289256198347105 0.8165289256198346 0.46776859504132223 0.8049586776859505
0 0.0809917355371901 0.5685950413223141 0.31735537190082647 0.5752066115702479 0.30413223140495865 0.7553719008264462 0.07272727272727272 0.7537190082644628
0 0.0859504132231405 0.2512396694214876 0.2611570247933884 0.27107438016528923 0.24462809917355371 0.46776859504132223 0.06115702479338843 0.4462809917355372
0 0.34545454545454546 0.27603305785123966 0.4793388429752066 0.2975206611570248 0.4793388429752066 0.31074380165289256 0.6330578512396694 0.33553719008264465 0.6148760330578512 0.4479338842975207 0.5570247933884298 0.43636363636363634 0.5504132231404959 0.49586776859504134 0.4115702479338843 0.47438016528925625 0.4148760330578513 0.45289256198347105 0.31735537190082647 0.4396694214876033
0 0.11570247933884298 0.07272727272727272 0.21818181818181817 0.09586776859504133 0.2462809917355372 0.0 0.1322314049586777 0.0
0 0.28429752066115704 0.0 0.2545454545454545 0.10578512396694215 0.47107438016528924 0.1652892561983471 0.48925619834710743 0.08429752066115702 0.5140495867768596 0.013223140495867768 0.4793388429752066 0.0
1 0.07768595041322314 0.6545454545454545 0.15867768595041323 0.6578512396694215 0.15867768595041323 0.7537190082644628 0.07603305785123966 0.7487603305785124 0.07603305785123966 0.6958677685950414
