0 0.0049586776859504135 0.9768595041322314 0.12727272727272726 0.971900826446281 0.1305785123966942 0.9950413223140496 0.003305785123966942 0.9983471074380165
0 0.27603305785123966 0.9983471074380165 0.2644628099173554 0.9107438016528926 0.5834710743801653 0.8644628099173554 0.6049586776859505 0.996694214876033
0 0.7239669421487603 0.9983471074380165 0.6991735537190082 0.8528925619834711 0.7917355371900825 0.8363636363636363 0.8396694214876033 0.849586776859504 0.8661157024793389 0.9950413223140496
0 0.9950413223140496 0.8842975206611571 0.9289256198347108 0.8859504132231405 0.9057851239669421 0.7173553719008264 0.996694214876033 0.7041322314049587
0 0.36363636363636365 0.5553719008264463 0.39669421487603307 0.7834710743801652 0.5652892561983471 0.7652892561983471 0.5305785123966942 0.5322314049586777
0 0.11570247933884298 0.4396694214876033 0.20826446280991737 0.4231404958677686 0.2396694214876033 0.6247933884297521 0.25950413223140495 0.6297520661157024 0.2644628099173554 0.6743801652892562 0.24793388429752067 0.684297520661157 0.256198347107438 0.7371900826446282 0.2528925619834711 0.7719008264462812 0.171900826446281 0.7801652892561983 0.11900826446280992 0.740495867768595 0.01487603305785124 0.7586776859504131 0.001652892561983471 0.5950413223140496 0.0628099173553719 0.5619834710743802 0.05289256198347107 0.4661157024793388
0 0.12892561983471074 0.001652892561983471 0.12066115702479338 0.2644628099173554 0.001652892561983471 0.2578512396694215 0.001652892561983471 0.0
0 0.22479338842975205 0.006611570247933884 0.2512396694214876 0.19504132231404958 0.2743801652892562 0.24297520661157024 0.4396694214876033 0.2115702479338843 0.4231404958677686 0.0859504132231405 0.34876033057851236 0.0
0 0.6743801652892562 0.001652892561983471 0.5586776859504132 0.11239669421487603 0.6132231404958678 0.17355371900826447 0.7884297520661157 0.1322314049586777 0.8727272727272727 0.06611570247933884 0.8099173553719008 0.0049586776859504135
0 0.9983471074380165 0.1652892561983471 0.8942148760330578 0.25950413223140495 0.9983471074380165 0.3917355371900826
0 0.7884297520661157 0.23140495867768596 0.6363636363636364 0.2793388429752066 0.6826446280991736 0.4099173553719008 0.6611570247933884 0.41652892561983473 0.715702479338843 0.5933884297520661 0.8247933884297521 0.5603305785123966 0.8264462809917356 0.5735537190082645 0.9520661157024793 0.5355371900826447 0.9190082644628099 0.41652892561983473 0.8545454545454545 0.431404958677686
1 0.4066115702479339 0.6809917355371902 0.4628099173553719 0.6727272727272726 0.4793388429752066 0.7553719008264462 0.4214876033057851 0.7669421487603306
1 0.11239669421487603 0.5619834710743802 0.1140495867768595 0.5884297520661157 0.07933884297520662 0.6016528925619835 0.08264462809917356 0.6181818181818182 0.15041322314049588 0.6099173553719008 0.15206611570247933 0.5884297520661157 0.18512396694214875 0.5768595041322314 0.1834710743801653 0.5553719008264463
1 0.26776859504132233 0.9388429752066115 0.28429752066115704 0.9371900826446281 0.31239669421487604 0.9619834710743802 0.29421487603305785 0.9735537190082646 0.30578512396694213 0.9917355371900827 0.3074380165289256 0.9983471074380165 0.28264462809917357 0.996694214876033
1 0.36363636363636365 0.9983471074380165 0.36363636363636365 0.9917355371900827 0.46942148760330576 0.971900826446281 0.47438016528925625 0.9983471074380165
1 0.8859504132231405 0.5487603305785124 0.8727272727272727 0.5173553719008265 0.8264462809917356 0.5338842975206611 0.8380165289256198 0.5669421487603306
1 0.9454545454545454 0.8528925619834711 0.9454545454545454 0.8710743801652893 0.9851239669421488 0.8677685950413223 0.9834710743801653 0.8479338842975207
1 0.0 0.0 0.12892561983471074 0.001652892561983471 0.12396694214876033 0.019834710743801654 0.05289256198347107 0.01652892561983471 0.003305785123966942 0.01487603305785124
