0 1.0 0.8512396694214877 0.947107438016529 0.8528925619834711 0.971900826446281 1.0 1.0 1.0
0 0.8396694214876033 0.8181818181818182 0.7735537190082644 1.0 0.7140495867768596 1.0 0.6396694214876033 0.9752066115702479 0.7107438016528925 0.7719008264462811
0 0.5107438016528926 0.6958677685950413 0.6363636363636364 0.743801652892562 0.5619834710743802 0.9454545454545454 0.43305785123966944 0.8859504132231405
0 0.41983471074380163 0.9520661157024793 0.5586776859504132 1.0 0.4049586776859504 1.0
0 0.1487603305785124 0.8661157024793389 0.28264462809917357 0.9190082644628099 0.2512396694214876 1.0 0.09917355371900827 1.0
0 0.024793388429752067 1.0 0.09586776859504133 0.8347107438016529 0.0 0.8 0.0 1.0
0 0.013223140495867768 0.7107438016528925 0.13553719008264462 0.7636363636363638 0.1785123966942149 0.7652892561983471 0.2049586776859504 0.7305785123966941 0.2694214876033058 0.5834710743801653 0.1933884297520661 0.5223140495867769 0.0859504132231405 0.4925619834710744 0.07272727272727272 0.571900826446281 0.04297520661157025 0.6330578512396694
0 0.15206611570247933 0.2231404958677686 0.2545454545454546 0.25619834710743805 0.24958677685950412 0.2694214876033058 0.2975206611570248 0.2909090909090909 0.22479338842975205 0.49421487603305786 0.16859504132231404 0.4727272727272727 0.1652892561983471 0.4826446280991735 0.06611570247933884 0.4512396694214875
0 0.2578512396694215 0.0 0.228099173553719 0.0859504132231405 0.3603305785123967 0.13553719008264462 0.4066115702479339 0.0
0 0.0 0.1933884297520661 0.06611570247933884 0.0 0.0 0.0
0 0.543801652892562 0.006611570247933874 0.4809917355371901 0.1669421487603306 0.628099173553719 0.228099173553719 0.6975206611570247 0.06446280991735537
0 0.7454545454545455 0.08264462809917356 0.8793388429752066 0.12727272727272726 0.8413223140495867 0.23140495867768596 0.8528925619834711 0.23801652892561984 0.8066115702479338 0.3669421487603306 0.6727272727272726 0.31735537190082647 0.7107438016528925 0.2115702479338843 0.7008264462809918 0.2066115702479339
0 0.9140495867768595 0.1785123966942149 1.0 0.20991735537190082 1.0 0.39008264462809916 0.9305785123966942 0.36198347107438017 0.8578512396694216 0.34710743801652894
0 0.7537190082644628 0.4826446280991735 0.9371900826446281 0.547107438016529 0.8925619834710744 0.684297520661157 0.6975206611570247 0.6099173553719008 0.7024793388429752 0.5917355371900826 0.7305785123966941 0.6 0.7669421487603306 0.5024793388429752 0.747107438016529 0.49586776859504134
0 0.6644628099173553 0.43305785123966944 0.6115702479338843 0.5669421487603306 0.4975206611570248 0.5239669421487604 0.48925619834710743 0.5421487603305785 0.38016528925619836 0.49917355371900823 0.4495867768595041 0.3305785123966942 0.5570247933884298 0.3735537190082645 0.5504132231404959 0.3867768595041322
0 0.9322314049586776 0.0 0.9190082644628099 0.01652892561983471 1.0 0.0628099173553719 1.0 0.0
