0 0.0 0.9057851239669421 0.05950413223140496 0.9322314049586776 0.03471074380165289 1.0 0.0 1.0
0 0.228099173553719 0.7834710743801652 0.19173553719008266 1.0 0.34876033057851236 1.0 0.35537190082644626 0.9537190082644628 0.47603305785123967 0.9702479338842975 0.49421487603305786 1.0 0.8165289256198346 1.0 0.8247933884297521 0.8446280991735537 0.6975206611570247 0.8330578512396695 0.6942148760330579 0.6776859504132231 0.8049586776859505 0.6694214876033058 0.8132231404958677 0.6330578512396694 0.7504132231404959 0.6148760330578512 0.6991735537190082 0.6165289256198347 0.5752066115702479 0.6214876033057851 0.5636363636363636 0.5520661157024793 0.48760330578512395 0.5586776859504132 0.490909090909091 0.5900826446280992 0.4512396694214875 0.5950413223140496 0.47107438016528924 0.7272727272727273 0.5223140495867769 0.7223140495867767 0.5421487603305785 0.8198347107438017 0.47603305785123967 0.8429752066115702 0.371900826446281 0.8099173553719008
0 0.18512396694214875 0.5289256198347108 0.1785123966942149 0.6776859504132231 0.2462809917355372 0.6975206611570247 0.2991735537190083 0.5537190082644629 0.3504132231404959 0.4512396694214875 0.36363636363636365 0.3537190082644628 0.3669421487603306 0.20165289256198346 0.1884297520661157 0.20826446280991737 0.18677685950413225 0.22975206611570248 0.0809917355371901 0.2330578512396694 0.0859504132231405 0.3983471074380166 0.14545454545454545 0.39669421487603307 0.15867768595041323 0.3603305785123967 0.2727272727272727 0.36363636363636365 0.2694214876033058 0.4082644628099173 0.2231404958677686 0.5322314049586777
0 0.3735537190082645 0.049586776859504134 0.4082644628099173 0.15537190082644628 0.4231404958677686 0.15702479338842976 0.431404958677686 0.19834710743801653 0.747107438016529 0.09752066115702479 0.7289256198347107 0.04297520661157025 0.7338842975206612 0.03305785123966942 0.7223140495867768 0.0 0.5355371900826446 0.0
0 0.9074380165289255 0.0 0.8793388429752066 0.05289256198347107 0.9867768595041322 0.05785123966942149 1.0 0.03471074380165289 1.0 0.0
0 0.8661157024793389 0.2628099173553719 0.8743801652892561 0.31239669421487604 0.8859504132231405 0.4148760330578513 0.8876033057851239 0.5024793388429752 0.7702479338842976 0.4859504132231405 0.768595041322314 0.5305785123966942 0.8115702479338843 0.5322314049586777 0.8132231404958677 0.5933884297520661 0.7024793388429752 0.5785123966942148 0.705785123966942 0.45289256198347105 0.5520661157024793 0.4644628099173554 0.5289256198347108 0.3570247933884298 0.41652892561983473 0.3702479338842975 0.4033057851239669 0.3404958677685951 0.456198347107438 0.30578512396694213 0.5256198347107438 0.30082644628099175 0.5305785123966942 0.2909090909090909 0.631404958677686 0.2809917355371901 0.6347107438016529 0.27107438016528923 0.7107438016528925 0.2628099173553719
0 1.0 0.11239669421487603 0.9603305785123966 0.2793388429752066 1.0 0.287603305785124
0 1.0 0.4 0.947107438016529 0.3818181818181819 0.9256198347107438 0.47603305785123967 1.0 0.5223140495867769
0 1.0 0.5652892561983471 0.8958677685950414 0.5636363636363636 0.8694214876033057 0.7074380165289256 0.8661157024793389 0.7537190082644628 0.8528925619834711 0.8148760330578513 0.8413223140495867 1.0 0.9603305785123966 1.0 0.9520661157024793 0.9520661157024793 0.971900826446281 0.9454545454545454 0.9752066115702479 0.9090909090909091 1.0 0.9090909090909091
1 0.7239669421487603 0.4049586776859504 0.7206611570247934 0.4231404958677686 0.7702479338842976 0.4297520661157025 0.7735537190082644 0.4115702479338843
1 0.24132231404958676 0.8264462809917356 0.28760330578512394 0.8330578512396695 0.28264462809917357 0.8975206611570248 0.23471074380165288 0.8876033057851239
1 0.2330578512396694 0.9057851239669421 0.27768595041322314 0.9173553719008265 0.26776859504132233 0.9785123966942149 0.21818181818181817 0.971900826446281
1 0.2991735537190083 0.9454545454545454 0.2958677685950413 0.971900826446281 0.31900826446280994 0.9752066115702479 0.3256198347107438 0.9570247933884297
1 0.315702479338843 0.8479338842975207 0.3090909090909091 0.8991735537190082 0.3371900826446281 0.9074380165289255 0.343801652892562 0.8462809917355372
