0 0.3074380165289256 0.7669421487603306 0.3305785123966942 0.9487603305785125 0.4628099173553719 0.9355371900826445 0.4628099173553719 0.9057851239669421 0.5041322314049587 0.8991735537190082 0.4859504132231405 0.743801652892562
0 0.45785123966942154 0.687603305785124 0.29256198347107437 0.7206611570247934 0.2859504132231405 0.6991735537190082 0.22479338842975205 0.7074380165289256 0.20826446280991737 0.5983471074380166 0.2644628099173554 0.5818181818181818 0.2528925619834711 0.5107438016528926 0.41818181818181815 0.47768595041322315
0 0.11900826446280992 0.2115702479338843 0.14214876033057852 0.35206611570247937 0.32066115702479336 0.32231404958677684 0.2892561983471074 0.18181818181818182
0 0.05619834710743801 0.19173553719008266 0.049586776859504134 0.343801652892562 0.0 0.3404958677685951 0.0 0.19338842975206613
0 0.0049586776859504135 0.5024793388429752 0.021487603305785124 0.509090909090909 0.006611570247933884 0.6198347107438017 0.0 0.6165289256198347
0 0.001652892561983471 0.7041322314049587 0.09256198347107437 0.715702479338843 0.0859504132231405 0.7719008264462811 0.09421487603305785 0.7768595041322314 0.09917355371900827 0.8082644628099174 0.09256198347107437 0.8462809917355372 0.0809917355371901 0.8809917355371901 0.06942148760330578 0.9107438016528926 0.07933884297520662 0.9140495867768595 0.07107438016528926 0.9553719008264463 0.08760330578512397 0.9586776859504132 0.0859504132231405 0.9983471074380165 0.0 1.0
0 0.9107438016528926 0.9371900826446281 0.9785123966942149 0.9272727272727274 0.9917355371900827 0.9950413223140495 0.9173553719008265 1.0
0 0.9239669421487604 0.7983471074380165 0.9983471074380165 0.7603305785123967 0.9983471074380165 0.5685950413223141 0.9107438016528926 0.6247933884297521 0.859504132231405 0.6611570247933884
0 0.965289256198347 0.33884297520661155 0.8132231404958677 0.36528925619834707 0.7966942148760332 0.27768595041322314 0.7785123966942149 0.28264462809917357 0.7553719008264462 0.2066115702479339 0.5619834710743802 0.2462809917355372 0.596694214876033 0.4049586776859504 0.7074380165289256 0.3834710743801653 0.768595041322314 0.6677685950413224 0.8793388429752066 0.6231404958677685 0.8462809917355372 0.4809917355371901 0.9801652892561984 0.46115702479338844 0.9752066115702479 0.39008264462809916
0 1.0 0.2809917355371901 0.8380165289256198 0.31074380165289256 0.7933884297520661 0.1537190082644628 0.9950413223140496 0.12066115702479338
0 0.9983471074380165 0.10413223140495868 0.8132231404958677 0.13388429752066117 0.7884297520661157 0.003305785123966942 1.0 0.0
0 0.7520661157024794 0.0 0.7553719008264462 0.1768595041322314 0.6611570247933884 0.19173553719008266 0.47768595041322315 0.23140495867768596 0.4495867768595041 0.09421487603305785 0.6198347107438017 0.09421487603305785 0.6181818181818182 0.0
0 0.6611570247933884 0.47438016528925625 0.6033057851239669 0.5190082644628099 0.631404958677686 0.5685950413223141 0.6528925619834712 0.5685950413223141 0.6644628099173553 0.5867768595041323 0.6991735537190082 0.5619834710743802 0.705785123966942 0.540495867768595
1 0.1305785123966942 0.2330578512396694 0.17520661157024794 0.22479338842975205 0.171900826446281 0.2049586776859504 0.23801652892561984 0.2 0.2545454545454545 0.32892561983471075 0.2231404958677686 0.3371900826446281 0.20165289256198346 0.31900826446280994 0.19173553719008266 0.27107438016528923 0.13553719008264462 0.27768595041322314
1 0.8264462809917356 0.4132231404958678 0.9735537190082646 0.3917355371900826 0.9818181818181819 0.45950413223140496 0.8462809917355372 0.4793388429752066
1 0.775206611570248 0.47603305785123967 0.7834710743801652 0.509090909090909 0.747107438016529 0.5173553719008265 0.7355371900826446 0.4826446280991735
1 0.9702479338842975 0.6826446280991736 0.965289256198347 0.7801652892561983 0.9338842975206612 0.7933884297520661 0.8925619834710744 0.7305785123966941
1 0.3834710743801653 0.5041322314049587 0.39669421487603307 0.5586776859504132 0.30082644628099175 0.5752066115702479 0.28760330578512394 0.5272727272727272
1 0.4099173553719008 0.6247933884297521 0.4214876033057851 0.6743801652892562 0.39669421487603307 0.6809917355371902 0.3867768595041322 0.6264462809917355
1 0.3702479338842975 0.628099173553719 0.3834710743801653 0.684297520661157 0.35537190082644626 0.6892561983471075 0.34545454545454546 0.6297520661157024
1 0.3603305785123967 0.6049586776859505 0.36198347107438017 0.6231404958677685 0.30247933884297523 0.6380165289256199 0.2975206611570248 0.6181818181818182
1 0.30082644628099175 0.6495867768595042 0.3256198347107438 0.6413223140495867 0.33553719008264465 0.6925619834710743 0.30743801652892555 0.6958677685950413
1 0.3917355371900826 0.8462809917355372 0.4793388429752066 0.834710743801653 0.4793388429752066 0.849586776859504 0.39008264462809916 0.8661157024793389 0.39669421487603307 0.8925619834710744 0.343801652892562 0.8975206611570248 0.343801652892562 0.8743801652892561 0.3586776859504132 0.8512396694214877
1 0.3404958677685951 0.9305785123966942 0.456198347107438 0.912396694214876 0.45785123966942154 0.9305785123966942 0.3421487603305785 0.947107438016529
1 0.8528925619834711 0.24958677685950412 0.8826446280991734 0.24132231404958676 0.8876033057851239 0.27768595041322314 0.8578512396694216 0.28264462809917357
