0 0.1371900826446281 1.0 0.22975206611570248 0.9504132231404959 0.21818181818181817 0.9256198347107438 0.32066115702479336 0.8760330578512396 0.3834710743801653 1.0
0 0.41818181818181815 0.8528925619834711 0.4809917355371901 0.9785123966942149 0.6644628099173553 0.8958677685950414 0.6479338842975207 0.8710743801652893 0.8 0.7933884297520661 0.7884297520661157 0.7669421487603306 0.9421487603305785 0.6859504132231407 0.8859504132231405 0.5636363636363636 0.7041322314049587 0.6446280991735537 0.7140495867768596 0.6644628099173553 0.5553719008264463 0.7487603305785124 0.5652892561983471 0.7735537190082644
0 0.7636363636363638 0.32727272727272727 0.8396694214876033 0.4661157024793388 0.7041322314049587 0.5322314049586777 0.7008264462809918 0.5652892561983471 0.5834710743801653 0.628099173553719 0.5884297520661157 0.6413223140495867 0.4495867768595041 0.715702479338843 0.3818181818181819 0.5884297520661157 0.4495867768595041 0.5553719008264463 0.4413223140495867 0.5305785123966942 0.5933884297520661 0.45454545454545453 0.5752066115702479 0.4231404958677686
0 1.0 0.33553719008264465 0.8694214876033057 0.4099173553719008 0.9487603305785125 0.5553719008264463 1.0 0.5272727272727272
0 0.8462809917355372 0.0 0.8066115702479338 0.019834710743801654 0.8826446280991734 0.17024793388429754 1.0 0.11239669421487603 1.0 0.0
0 0.6 0.1619834710743802 0.6611570247933884 0.29256198347107437 0.515702479338843 0.3669421487603306 0.5223140495867769 0.3834710743801653 0.4 0.4446280991735537 0.4082644628099173 0.4644628099173554 0.31735537190082647 0.509090909090909 0.3074380165289256 0.5355371900826447 0.2578512396694215 0.5190082644628099 0.19504132231404958 0.4115702479338843 0.27768595041322314 0.371900826446281 0.2644628099173554 0.3404958677685951 0.4148760330578513 0.26776859504132233 0.4066115702479339 0.25289256198347104
0 0.4793388429752067 0.0 0.515702479338843 0.06776859504132231 0.3305785123966942 0.1652892561983471 0.24297520661157024 0.01487603305785124 0.19834710743801653 0.03801652892561983 0.17520661157024794 0.0
0 0.0 0.2809917355371901 0.02975206611570248 0.2743801652892562 0.06115702479338843 0.3404958677685951 0.0 0.3818181818181819
0 0.044628099173553724 0.5173553719008265 0.11900826446280992 0.48429752066115694 0.18512396694214875 0.6115702479338843 0.12396694214876033 0.6462809917355372 0.12727272727272726 0.6561983471074381 0.03140495867768595 0.7074380165289256 0.021487603305785124 0.6958677685950413 0.0 0.7074380165289256 0.0 0.5553719008264463 0.05289256198347107 0.5338842975206611
0 0.0 0.8148760330578513 0.0859504132231405 0.7702479338842976 0.07768595041322314 0.7504132231404959 0.22479338842975205 0.6743801652892562 0.26611570247933886 0.7669421487603306 0.23140495867768596 0.7851239669421488 0.2545454545454545 0.8462809917355372 0.15867768595041323 0.890909090909091 0.16363636363636364 0.902479338842975 0.06115702479338843 0.9520661157024793 0.0 0.8330578512396695
1 0.943801652892562 0.4628099173553719 0.965289256198347 0.4727272727272727 0.9867768595041322 0.509090909090909 0.943801652892562 0.5322314049586777 0.9140495867768595 0.4793388429752066
1 0.5454545454545454 0.596694214876033 0.5785123966942148 0.5752066115702479 0.5950413223140496 0.6082644628099173 0.5834710743801653 0.6148760330578512 0.5570247933884298 0.6148760330578512
1 0.07272727272727272 0.8842975206611571 0.08264462809917356 0.8776859504132232 0.10413223140495868 0.9173553719008265 0.08925619834710745 0.9206611570247933
