0 0.028099173553719006 0.19008264462809918 0.20165289256198346 0.256198347107438 0.1305785123966942 0.4066115702479339 0.0 0.34710743801652894 0.028099173553719006 0.28760330578512394 0.003305785123966942 0.2743801652892562 0.0 0.23140495867768596
0 0.1305785123966942 0.0 0.08429752066115702 0.09752066115702479 0.24462809917355371 0.16859504132231404 0.32066115702479336 0.0
0 0.5603305785123966 0.0512396694214876 0.4462809917355372 0.15702479338842976 0.47549480327670635 0.18999466641346344 0.46398315803216633 0.2097774507236689 0.5147835066801256 0.26262483826896027 0.5292075061885182 0.2506132882710796 0.5619834710743802 0.28760330578512394 0.684297520661157 0.17520661157024794 0.6479338842975207 0.12727272727272726 0.6347107438016529 0.13553719008264462
0 0.628099173553719 0.001652892561983471 0.6925619834710743 0.07603305785123966 0.7851239669421488 0.0
0 0.6859504132231407 0.431404958677686 0.775206611570248 0.5355371900826447 0.6495867768595042 0.6561983471074381 0.6661157024793388 0.6809917355371902 0.5619834710743802 0.775206611570248 0.5289256198347108 0.775206611570248 0.44297520661157025 0.6595041322314049 0.5619834710743802 0.5520661157024793 0.5685950413223141 0.5652892561983471 0.5834710743801653 0.5537190082644629 0.5950413223140496 0.5652892561983471 0.6247933884297521 0.5371900826446281 0.6148760330578512 0.5190082644628099 0.6297520661157024 0.4809917355371901
0 0.8016528925619835 0.5652892561983471 0.9190082644628099 0.6181818181818182 0.849586776859504 0.7669421487603306 0.7338842975206612 0.7140495867768596
0 1.0 0.7008264462809918 0.9570247933884297 0.6809917355371902 0.8958677685950414 0.8099173553719008 0.9404958677685952 0.8297520661157026 0.9256198347107438 0.8727272727272727 0.9983471074380165 0.9057851239669421
0 0.6082644628099173 0.8826446280991734 0.5223140495867769 0.8743801652892561 0.4231404958677686 0.9504132231404959 0.44462809917355356 1.0 0.6165289256198347 1.0 0.6479338842975207 0.9702479338842975
0 0.9983471074380165 0.5190082644628099 0.9619834710743802 0.4925619834710744 0.9371900826446281 0.540495867768595 0.9983471074380165 0.5785123966942148
1 0.11239669421487603 0.3404958677685951 0.09256198347107437 0.38016528925619836 0.10578512396694215 0.3884297520661157 0.12892561983471074 0.34545454545454546
1 0.15206611570247933 0.023140495867768594 0.14380165289256197 0.04297520661157025 0.2528925619834711 0.09256198347107437 0.2578512396694215 0.06942148760330578
1 0.49090909090909096 0.631404958677686 0.46776859504132223 0.6561983471074381 0.49586776859504134 0.6892561983471075 0.5173553719008265 0.6644628099173553
1 0.5553719008264463 0.7074380165289256 0.5851239669421487 0.7322314049586777 0.5586776859504132 0.7586776859504131 0.5338842975206611 0.7289256198347107
0 0.1619834710743802 0.965289256198347 0.24958677685950412 0.9983471074380165 0.14214876033057852 0.9983471074380165
0 0.003305785123966942 0.6760330578512397 0.047933884297520664 0.7289256198347107 0.0 0.7735537190082644
