0 1.0 0.8148760330578513 0.9388429752066115 0.8842975206611571 1.0 0.9223140495867769
0 0.8198347107438017 0.8082644628099174 0.7041322314049587 0.9619834710743802 0.6016528925619835 0.8809917355371901 0.71900826446281 0.7338842975206612
0 1.0 0.5487603305785124 0.9404958677685952 0.6595041322314049 0.7024793388429752 0.5338842975206611 0.7719008264462811 0.39669421487603307 1.0 0.5223140495867767
0 0.6942148760330579 0.30413223140495865 0.6016528925619835 0.4809917355371901 0.45454545454545453 0.4099173553719008 0.5768595041322314 0.17520661157024794 0.6809917355371902 0.22479338842975205 0.6991735537190082 0.19834710743801653 0.8082644628099174 0.21818181818181817 0.8082644628099174 0.22975206611570248 0.965289256198347 0.24958677685950417 0.9173553719008265 0.3735537190082645
0 0.6495867768595042 0.001652892561983471 0.8809917355371901 0.07272727272727272 0.8247933884297521 0.21322314049586777 0.596694214876033 0.1322314049586777
0 0.431404958677686 0.0 0.3768595041322314 0.14710743801652892 0.36363636363636365 0.14380165289256197 0.33884297520661155 0.2231404958677686 0.15537190082644628 0.16033057851239668 0.17355371900826447 0.11570247933884298 0.16363636363636364 0.10909090909090909 0.2066115702479339 0.0
0 0.15867768595041323 0.27107438016528923 0.3090909090909091 0.32231404958677684 0.2644628099173554 0.45454545454545453 0.10909090909090909 0.4
0 0.46942148760330576 0.49917355371900823 0.6909090909090909 0.5801652892561984 0.6545454545454545 0.6743801652892562 0.6710743801652893 0.6826446280991736 0.6297520661157024 0.7933884297520661 0.6148760330578512 0.7900826446280992 0.5586776859504132 0.9619834710743802 0.5355371900826447 0.9586776859504132 0.522314049586777 1.0 0.4479338842975207 1.0 0.4694214876033059 0.9338842975206612 0.4396694214876033 0.9256198347107438 0.45950413223140496 0.856198347107438 0.47768595041322315 0.8611570247933884 0.5041322314049587 0.8016528925619835 0.48925619834710743 0.7917355371900825 0.5388429752066116 0.6545454545454545 0.424793388429752 0.6066115702479339
0 0.36528925619834707 0.628099173553719 0.4495867768595041 0.6479338842975207 0.41983471074380163 0.7834710743801652 0.35206611570247937 0.7669421487603306 0.35206611570247937 0.7933884297520661 0.228099173553719 0.7867768595041322 0.2396694214876033 0.6710743801652893 0.3504132231404959 0.6776859504132231
0 0.0 0.747107438016529 0.04628099173553719 0.7603305785123967 0.09586776859504133 0.628099173553719 0.0 0.5950413223140496
0 0.0 0.8363636363636363 0.12231404958677686 0.8512396694214877 0.10578512396694215 1.0 0.0 1.0
0 0.27768595041322314 0.9504132231404959 0.424793388429752 1.0 0.2644628099173553 1.0
0 0.8578512396694216 0.9785123966942149 0.8925619834710744 0.9752066115702479 0.9256198347107438 1.0 0.8446280991735537 1.0
1 0.8049586776859505 0.5074380165289256 0.902479338842975 0.5537190082644629 0.8975206611570248 0.5752066115702479 0.7933884297520661 0.5256198347107438
1 0.41983471074380163 0.6561983471074381 0.4446280991735537 0.6644628099173553 0.41983471074380163 0.7801652892561983 0.39669421487603307 0.7702479338842976
1 0.36363636363636365 0.6479338842975207 0.3933884297520661 0.6561983471074381 0.3685950413223141 0.7636363636363638 0.34710743801652894 0.7603305785123967
1 0.2512396694214876 0.7338842975206612 0.2892561983471074 0.7338842975206612 0.2892561983471074 0.7553719008264462 0.2512396694214876 0.7553719008264462
