0 0.006611570247933884 0.0 0.006611570247933884 0.026446280991735537 0.19008264462809918 0.026446280991735537 0.18677685950413225 0.0
0 0.30082644628099175 0.06611570247933884 0.431404958677686 0.028099173553719006 0.47438016528925625 0.17355371900826447 0.3504132231404959 0.20330578512396694
0 0.5752066115702479 0.06446280991735537 0.7206611570247934 0.0859504132231405 0.7570247933884298 0.171900826446281 0.6743801652892562 0.2727272727272727 0.6165289256198347 0.24297520661157024 0.5884297520661157 0.20991735537190082 0.571900826446281 0.171900826446281
0 0.9917355371900827 0.5355371900826447 0.7487603305785124 0.5652892561983471 0.7652892561983471 0.684297520661157 0.8148760330578513 0.6826446280991736 0.8181818181818182 0.6975206611570247 0.9256198347107438 0.6892561983471075 0.9256198347107438 0.6644628099173553 0.9983471074380165 0.6611570247933884 0.9983471074380165 0.5917355371900826
0 0.9950413223140496 0.06611570247933884 0.9553719008264463 0.2793388429752066 1.0 0.2909090909090909
0 0.996694214876033 0.8611570247933884 0.9818181818181819 0.859504132231405 0.7801652892561983 0.8528925619834711 0.7785123966942149 0.9404958677685952 0.7801652892561983 0.965289256198347 0.9785123966942149 0.971900826446281 0.9785123966942149 0.9504132231404959 0.9983471074380165 0.9504132231404959
0 0.41652892561983473 0.8247933884297521 0.4859504132231405 0.8264462809917356 0.4859504132231405 0.8363636363636363 0.5223140495867769 0.8380165289256198 0.5239669421487604 0.8264462809917356 0.5818181818181818 0.828099173553719 0.5818181818181818 0.9669421487603306 0.41818181818181815 0.965289256198347
0 0.41983471074380163 0.5884297520661157 0.5884297520661157 0.5702479338842975 0.6066115702479339 0.7256198347107436 0.43636363636363634 0.7388429752066117
0 0.4380165289256198 0.26776859504132233 0.31735537190082647 0.3090909090909091 0.3586776859504132 0.4462809917355372 0.48760330578512395 0.4132231404958678
0 0.03801652892561983 0.19834710743801653 0.1933884297520661 0.19834710743801653 0.19173553719008266 0.1619834710743802 0.23471074380165288 0.16859504132231404 0.23801652892561984 0.29256198347107437 0.2 0.29256198347107437 0.19834710743801653 0.39008264462809916 0.044628099173553724 0.3917355371900826
0 0.09917355371900827 0.631404958677686 0.2909090909090909 0.6165289256198347 0.315702479338843 0.8181818181818182 0.21487603305785125 0.8314049586776859 0.2049586776859504 0.7570247933884298 0.10578512396694215 0.7603305785123967
1 0.7652892561983471 0.6595041322314049 0.7669421487603306 0.6826446280991736 0.8016528925619835 0.6793388429752066 0.7950413223140496 0.6528925619834712
1 0.43636363636363634 0.2975206611570248 0.4082644628099173 0.34545454545454546 0.4132231404958678 0.36198347107438017 0.46776859504132223 0.3884297520661157
1 0.40165289256198344 0.38016528925619836 0.3768595041322314 0.4214876033057851 0.3834710743801653 0.43636363636363634 0.456198347107438 0.4132231404958678 0.4495867768595041 0.39669421487603307
1 0.35537190082644626 0.3338842975206612 0.3305785123966942 0.3305785123966942 0.35537190082644626 0.41818181818181815 0.3768595041322314 0.3950413223140496
1 0.4231404958677686 0.06942148760330578 0.39669421487603307 0.10082644628099173 0.4033057851239669 0.1322314049586777 0.43471074380165287 0.13884297520661157 0.4479338842975207 0.13884297520661157
1 0.3338842975206612 0.09917355371900827 0.35206611570247937 0.1652892561983471 0.36363636363636365 0.15867768595041323 0.3768595041322314 0.13553719008264462 0.36528925619834707 0.10578512396694215
1 0.3685950413223141 0.07768595041322314 0.3735537190082645 0.09256198347107437 0.3851239669421488 0.08760330578512397 0.3851239669421488 0.06776859504132231
1 0.09256198347107437 0.20165289256198346 0.07768595041322314 0.21322314049586777 0.0743801652892562 0.2611570247933884 0.03966942148760331 0.2611570247933884 0.03966942148760331 0.2049586776859504
1 0.04297520661157025 0.33223140495867765 0.10909090909090909 0.32892561983471075 0.10909090909090909 0.371900826446281 0.09256198347107437 0.3834710743801653 0.044628099173553724 0.3851239669421488
1 0.23801652892561984 0.6859504132231407 0.16033057851239668 0.6859504132231407 0.1140495867768595 0.7504132231404959 0.20826446280991737 0.7487603305785124 0.21652892561983472 0.8214876033057851 0.25950413223140495 0.768595041322314
1 0.5206611570247934 0.6578512396694215 0.5223140495867769 0.6909090909090909 0.47107438016528924 0.7008264462809918 0.47438016528925625 0.7355371900826446 0.43636363636363634 0.7388429752066117 0.4231404958677686 0.6644628099173555
