0 0.0 0.8809917355371901 0.14214876033057852 0.8826446280991734 0.1322314049586777 0.6677685950413224 0.001652892561983471 0.6677685950413224
0 0.0 0.6561983471074381 0.06942148760330578 0.6545454545454545 0.1305785123966942 0.631404958677686 0.12396694214876033 0.515702479338843 0.16033057851239668 0.5074380165289256 0.13553719008264462 0.35206611570247937 0.05619834710743801 0.36198347107438017 0.001652892561983471 0.32066115702479336
0 0.07768595041322314 0.0 0.06115702479338843 0.01818181818181818 0.22479338842975205 0.09917355371900827 0.2545454545454545 0.0859504132231405 0.30578512396694213 0.0
0 0.43471074380165287 0.0 0.431404958677686 0.06611570247933884 0.6181818181818182 0.044628099173553724 0.6082644628099173 0.0
0 0.687603305785124 0.0049586776859504135 0.6991735537190082 0.07107438016528926 0.6743801652892562 0.07933884297520662 0.6975206611570247 0.21322314049586777 0.7950413223140496 0.19834710743801653 0.8776859504132232 0.1785123966942149 0.8429752066115702 0.03471074380165289 0.8148760330578513 0.0
0 0.8694214876033057 0.0 0.9074380165289255 0.1305785123966942 1.0 0.10909090909090909 1.0 0.0
0 0.996694214876033 0.1652892561983471 0.9173553719008265 0.1834710743801653 0.9322314049586776 0.30578512396694213 0.9983471074380165 0.3074380165289256
0 0.8264462809917356 0.45950413223140496 0.7008264462809918 0.3867768595041322 0.6578512396694215 0.5520661157024793 0.42644628099173554 0.5619834710743802 0.3752066115702479 0.5752066115702479 0.343801652892562 0.4446280991735537 0.6479338842975207 0.4644628099173554 0.6677685950413224 0.3603305785123967 0.4396694214876033 0.31735537190082647 0.2231404958677686 0.30413223140495865 0.21818181818181817 0.4214876033057851 0.2578512396694215 0.5752066115702479 0.2644628099173554 0.6710743801652893 0.4297520661157025 0.6743801652892562 0.43305785123966944 0.6809917355371902 0.4727272727272727 0.6809917355371902 0.47603305785123967 0.6942148760330579 0.6661157024793388 0.687603305785124 0.8462809917355372 0.6743801652892562 0.8363636363636363 0.5735537190082645 0.7933884297520661 0.5685950413223141
0 0.46776859504132223 0.687603305785124 0.2628099173553719 0.6942148760330579 0.27107438016528923 0.8991735537190082 0.48429752066115694 0.8942148760330578 0.4823581967966995 0.787328699628165
0 0.5900826446280992 0.9537190082644628 0.7504132231404959 0.9454545454545454 0.7537190082644628 1.0 0.5851239669421487 1.0
0 1.0 0.6842975206611571 0.8429752066115702 0.7123966942148761 0.7074380165289256 0.8363636363636363 0.7289256198347107 0.9272727272727272 1.0 0.8413223140495867
0 0.7851239669421488 0.971900826446281 1.0 0.9388429752066115 1.0 1.0 0.7785123966942149 1.0
0 0.4462809917355372 0.07933884297520662 0.6413223140495867 0.09917355371900827 0.628099173553719 0.24462809917355371 0.6710743801652893 0.26611570247933886 0.6661157024793388 0.32892561983471075 0.4231404958677686 0.2909090909090909
1 0.46942148760330576 0.03305785123966942 0.47107438016528924 0.05454545454545454 0.5669421487603306 0.04132231404958678 0.5685950413223141 0.019834710743801654
1 0.4148760330578513 0.8330578512396695 0.4132231404958678 0.890909090909091 0.47438016528925625 0.8876033057851239 0.46942148760330576 0.8363636363636363
1 0.0 0.8264462809917356 0.09752066115702479 0.8214876033057851 0.09917355371900827 0.8727272727272727 0.001652892561983471 0.8776859504132232
