0 0.4049586776859504 0.5752066115702479 0.5504132231404959 0.5619834710743802 0.5586776859504132 0.684297520661157 0.41983471074380163 0.6975206611570247
0 0.5983471074380166 0.5107438016528926 0.6942148760330579 0.5008264462809917 0.7074380165289256 0.6214876033057851 0.6033057851239669 0.6396694214876033
0 0.7289256198347107 0.47768595041322315 0.7735537190082644 0.4727272727272727 0.7818181818181819 0.5190082644628099 0.9272727272727272 0.5057851239669422 0.9256198347107438 0.5305785123966942 0.9404958677685952 0.5289256198347108 0.943801652892562 0.6677685950413224 0.7768595041322314 0.6727272727272726 0.7702479338842976 0.540495867768595 0.7355371900826446 0.5421487603305785
0 0.7685950413223143 0.2694214876033058 0.7636363636363638 0.31074380165289256 0.8380165289256198 0.30247933884297523 0.8413223140495867 0.2628099173553719 0.7966942148760332 0.26776859504132233
0 0.912396694214876 0.2330578512396694 0.912396694214876 0.2644628099173554 0.9603305785123966 0.2611570247933884 0.9586776859504132 0.228099173553719
0 0.8264462809917356 0.8743801652892561 0.9173553719008265 0.8727272727272728 0.9190082644628099 0.8611570247933885 0.9636363636363636 0.8611570247933885 0.9785123966942149 0.8479338842975207 1.0 0.8495867768595042 1.0 1.0 0.8380165289256198 1.0 0.8363636363636363 0.9834710743801653 0.8198347107438017 0.9818181818181819
0 0.5917355371900826 0.7289256198347107 0.6975206611570247 0.7123966942148761 0.7041322314049587 0.8297520661157026 0.596694214876033 0.8413223140495867
0 0.431404958677686 0.7652892561983471 0.540495867768595 0.7520661157024794 0.5553719008264463 0.8727272727272727 0.4446280991735537 0.8842975206611569
0 0.5305785123966942 0.9322314049586776 0.6892561983471075 0.9090909090909091 0.6892561983471075 1.0 0.5537190082644627 1.0
0 0.27768595041322314 1.0 0.27107438016528923 0.9867768595041322 0.46776859504132223 0.9636363636363636 0.47107438016528924 1.0
1 0.5570247933884298 0.9867768595041322 0.5900826446280992 0.9785123966942149 0.5900826446280992 1.0 0.5619834710743802 1.0
1 0.6347107438016529 0.971900826446281 0.6776859504132231 0.965289256198347 0.6809917355371902 1.0 0.6363636363636364 1.0
