0 0.7123966942148761 0.8396694214876033 0.8776859504132232 0.8330578512396695 0.8826446280991734 0.9520661157024793 0.9702479338842975 0.9454545454545454 0.9735537190082646 1.0 0.7256198347107436 1.0
0 0.15206611570247933 0.6892561983471075 0.371900826446281 0.6628099173553719 0.3867768595041322 0.8115702479338843 0.17520661157024794 0.8446280991735537
0 0.0 0.8330578512396695 0.09752066115702479 0.8165289256198346 0.11735537190082644 1.0 0.0 1.0
0 0.0 0.6561983471074381 0.3504132231404959 0.5983471074380166 0.3371900826446281 0.49917355371900823 0.2909090909090909 0.5074380165289256 0.27107438016528923 0.3851239669421488 0.15702479338842976 0.40165289256198344 0.15206611570247933 0.3702479338842975 0.0 0.39669421487603307
0 0.2396694214876033 0.28429752066115704 0.34710743801652894 0.2462809917355372 0.3504132231404959 0.256198347107438 0.5057851239669422 0.2115702479338843 0.5355371900826447 0.3338842975206612 0.3917355371900826 0.371900826446281 0.371900826446281 0.3404958677685951 0.27107438016528923 0.36528925619834707
0 0.5619834710743802 0.2528925619834711 0.6363636363636364 0.23471074380165288 0.6429752066115703 0.2512396694214876 0.7669421487603306 0.22479338842975205 0.7636363636363638 0.21652892561983472 0.8033057851239669 0.2 0.859504132231405 0.4495867768595041 0.6975206611570247 0.49586776859504134 0.6793388429752066 0.43636363636363634 0.6099173553719008 0.4495867768595041
0 0.343801652892562 0.049586776859504134 0.24132231404958676 0.06611570247933884 0.2578512396694215 0.1785123966942149 0.46942148760330576 0.14380165289256197 0.4628099173553719 0.11570247933884298 0.6545454545454545 0.08760330578512397 0.6479338842975207 0.07107438016528926 0.7619834710743801 0.05289256198347107 0.7537190082644628 0.0 0.33884297520661155 0.0
0 0.0 0.2611570247933884 0.171900826446281 0.228099173553719 0.14545454545454545 0.06942148760330578 0.09917355371900827 0.07768595041322314 0.1024793388429752 0.08925619834710745 0.03140495867768595 0.10082644628099173 0.028099173553719006 0.08760330578512397 0.0 0.09256198347107437
1 0.171900826446281 0.7768595041322314 0.19173553719008266 0.775206611570248 0.19008264462809918 0.8 0.17355371900826447 0.8
1 0.19834710743801653 0.775206611570248 0.21818181818181817 0.7702479338842976 0.22148760330578512 0.8 0.20165289256198346 0.7983471074380165
