0 0.001652892561983471 0.9884297520661157 0.0628099173553719 0.9190082644628099 0.003305785123966942 0.8892561983471075
0 0.001652892561983471 0.8231404958677686 0.028099173553719006 0.8214876033057851 0.04628099173553719 0.6909090909090909 0.1256198347107438 0.7140495867768596 0.14380165289256197 0.628099173553719 0.2528925619834711 0.6479338842975207 0.2628099173553719 0.596694214876033 0.27768595041322314 0.596694214876033 0.28760330578512394 0.5619834710743802 0.2727272727272727 0.5603305785123966 0.2958677685950413 0.46942148760330576 0.17355371900826447 0.4809917355371901 0.171900826446281 0.5008264462809917 0.14214876033057852 0.49586776859504134 0.0 0.5371900826446281
0 0.0859504132231405 0.7107438016528925 0.0628099173553719 0.775206611570248 0.12396694214876033 0.8 0.18512396694214875 0.740495867768595
0 0.001652892561983471 0.509090909090909 0.1487603305785124 0.4826446280991735 0.13884297520661157 0.3669421487603306 0.05289256198347107 0.371900826446281 0.0 0.3867768595041322
0 0.07603305785123966 0.32727272727272727 0.24132231404958676 0.4066115702479339 0.26776859504132233 0.3371900826446281 0.30578512396694213 0.23801652892561984 0.28760330578512394 0.19173553719008266 0.15867768595041323 0.10743801652892562 0.14545454545454545 0.1140495867768595 0.09917355371900827 0.0859504132231405 0.07272727272727272 0.14545454545454545 0.0 0.12396694214876033 0.001652892561983471 0.24462809917355371 0.049586776859504134 0.24958677685950412 0.09917355371900827 0.27107438016528923
0 0.20330578512396694 0.0 0.19504132231404958 0.0809917355371901 0.3074380165289256 0.16033057851239668 0.36198347107438017 0.15206611570247933 0.37024793388429755 0.0
0 0.4 0.019834710743801654 0.36363636363636365 0.19173553719008266 0.4495867768595041 0.22479338842975205 0.4727272727272727 0.15867768595041323 0.5190082644628099 0.15206611570247933 0.5289256198347108 0.2115702479338843 0.6710743801652893 0.20991735537190082 0.7272727272727273 0.17520661157024794 0.7917355371900825 0.0859504132231405 0.7454545454545455 0.05785123966942149 0.740495867768595 0.044628099173553724 0.5140495867768595 0.049586776859504134 0.5223140495867769 0.009917355371900827 0.47107438016528924 0.001652892561983471 0.46115702479338844 0.026446280991735537
0 0.8413223140495867 0.003305785123966942 0.8413223140495867 0.10578512396694215 1.0 0.10082644628099173 1.0 0.0
0 1.0 0.15206611570247933 0.859504132231405 0.15537190082644628 0.8528925619834711 0.14380165289256197 0.7586776859504131 0.16033057851239668 0.7338842975206612 0.17520661157024794 0.743801652892562 0.25950413223140495 0.5553719008264463 0.2628099173553719 0.5520661157024793 0.4512396694214875 0.7421487603305785 0.45785123966942154 0.740495867768595 0.49586776859504134 0.8264462809917356 0.4975206611570248 0.8247933884297521 0.47107438016528924 0.9322314049586776 0.46776859504132223 0.9355371900826445 0.4925619834710744 0.828099173553719 0.5074380165289256 0.8314049586776859 0.6396694214876033 1.0 0.6214876033057851
0 0.9404958677685952 0.6611570247933884 0.7702479338842976 0.7090909090909091 0.8066115702479338 0.8975206611570248 0.9190082644628099 0.8776859504132232 0.9322314049586776 0.9355371900826445 0.9504132231404959 0.9504132231404959 0.9553719008264463 0.9619834710743802 0.8694214876033057 0.9801652892561984 0.8710743801652893 0.9983471074380165 1.0 1.0 1.0 0.8066115702479338 0.9669421487603306 0.8066115702479338
0 0.8264462809917356 1.0 0.7818181818181819 0.8661157024793389 0.6495867768595042 0.8991735537190082 0.6809917355371902 1.0
0 0.6214876033057851 0.8743801652892561 0.7570247933884298 0.8347107438016529 0.687603305785124 0.5735537190082645 0.5950413223140496 0.5024793388429752 0.5289256198347108 0.5008264462809917 0.5487603305785124 0.6776859504132231 0.5752066115702479 0.8
0 0.5223140495867769 0.48925619834710743 0.41818181818181815 0.4495867768595041 0.3256198347107438 0.5867768595041323 0.2066115702479339 0.8132231404958677 0.19173553719008266 0.8132231404958677 0.0743801652892562 1.0 0.3884297520661157 1.0 0.4214876033057851 0.9322314049586776 0.43471074380165287 0.9289256198347108 0.43636363636363634 1.0 0.6082644628099173 1.0 0.5768595041322314 0.8644628099173554 0.4512396694214875 0.8578512396694216 0.41983471074380163 0.7338842975206612
1 0.424793388429752 0.5867768595041323 0.4082644628099173 0.6132231404958678 0.4231404958677686 0.6231404958677685 0.4413223140495867 0.5950413223140496
