0 0.46115702479338844 0.0 0.8925619834710744 0.29421487603305785 0.8066115702479338 0.428099173553719 0.9338842975206612 0.512396694214876 1.0 0.42644628099173554 1.0 1.0 0.6545454545454547 1.0 0.6231404958677685 0.9785123966942149 0.6826446280991736 0.8925619834710744 0.5520661157024793 0.8082644628099174 0.4247933884297522 0.996694214876033 0.24958677685950412 0.8809917355371901 0.16363636363636364 1.0 0.0 1.0 0.0 0.28429752066115704 0.19008264462809918 0.0 0.2512396694214876 0.0 0.2958677685950413 0.03140495867768595 0.31900826446280994 0.0
1 0.38016528925619836 0.0 0.8380165289256198 0.31239669421487604 0.6396694214876033 0.6082644628099173 0.09752066115702479 0.23636363636363636 0.22975206611570248 0.044628099173553724 0.29256198347107437 0.08429752066115702 0.3504132231404959 0.0
1 0.8115702479338843 0.47107438016528924 0.8991735537190082 0.5289256198347108 0.8760330578512396 0.5570247933884298 0.7933884297520661 0.5057851239669422
1 0.768595041322314 0.5289256198347108 0.859504132231405 0.5867768595041323 0.8330578512396695 0.6148760330578512 0.747107438016529 0.5586776859504132
1 0.8181818181818182 0.6446280991735537 0.7305785123966941 0.5818181818181818 0.7074380165289256 0.6181818181818182 0.7933884297520661 0.6743801652892562
1 0.6925619834710743 0.6446280991735537 0.7801652892561983 0.6991735537190082 0.7570247933884298 0.7305785123966941 0.6727272727272726 0.6760330578512397
1 0.6528925619834712 0.7041322314049587 0.7388429752066117 0.7603305785123967 0.7173553719008264 0.7933884297520661 0.6347107438016529 0.7355371900826446
1 0.6132231404958678 0.7636363636363638 0.6991735537190082 0.8181818181818182 0.6809917355371902 0.8479338842975207 0.5950413223140496 0.7933884297520661
1 0.9636363636363636 0.5421487603305785 0.9553719008264463 0.5553719008264463 1.0 0.5818181818181818 1.0 0.5619834710743802
1 0.9355371900826445 0.5884297520661157 1.0 0.628099173553719 1.0 0.6495867768595042 0.9223140495867769 0.6
1 0.9008264462809917 0.6330578512396694 1.0 0.6975206611570247 1.0 0.71900826446281 0.8925619834710744 0.6462809917355372
1 0.8710743801652893 0.6793388429752066 1.0 0.7619834710743801 1.0 0.7867768595041322 0.8611570247933884 0.6958677685950413
1 0.8380165289256198 0.7256198347107436 0.828099173553719 0.7388429752066117 1.0 0.859504132231405 1.0 0.8396694214876033
1 0.8066115702479338 0.7719008264462811 0.8 0.7851239669421488 0.9685950413223139 0.9074380165289255 0.9768595041322314 0.8892561983471075
1 0.775206611570248 0.8181818181818182 0.7652892561983471 0.8330578512396695 0.9371900826446281 0.9586776859504132 0.947107438016529 0.9388429752066115
1 0.7454545454545455 0.8661157024793389 0.7355371900826446 0.8793388429752066 0.8991735537190082 0.9983471074380165 0.9190082644628099 0.9900826446280991
1 0.7107438016528925 0.9140495867768595 0.7008264462809918 0.9289256198347108 0.8049586776859505 1.0 0.8314049586776858 1.0
1 0.6809917355371902 0.9619834710743802 0.6727272727272726 0.9735537190082646 0.7090909090909091 1.0 0.7289256198347107 1.0
1 0.2512396694214876 0.4826446280991735 0.43636363636363634 0.6016528925619835 0.21983471074380165 0.9090909090909091 0.04132231404958678 0.7867768595041322
1 0.026446280991735537 0.8115702479338843 0.2115702479338843 0.9322314049586776 0.1619834710743802 1.0 0.07933884297520659 1.0 0.0 0.947107438016529 0.0 0.856198347107438
1 0.0 0.8231404958677686 0.2396694214876033 0.4809917355371901 0.22479338842975205 0.46942148760330576 0.0 0.7933884297520661
1 0.0 0.7586776859504133 0.20826446280991737 0.4479338842975207 0.0 0.30413223140495865 0.0 0.5950413223140496
