0 0.6611570247933884 0.8578512396694216 0.849586776859504 0.8264462809917356 0.8396694214876033 0.7735537190082644 1.0 0.7355371900826446 1.0 0.8942148760330578 0.9008264462809917 0.9190082644628099 0.9090909090909091 0.965289256198347 0.7520661157024792 1.0 0.6892561983471075 1.0
0 0.4479338842975207 0.8710743801652893 0.5024793388429752 0.856198347107438 0.5289256198347108 0.9107438016528926 0.4826446280991735 0.9355371900826445
0 0.20330578512396694 0.6099173553719008 0.23636363636363636 0.7041322314049587 0.1140495867768595 0.7305785123966941 0.07603305785123966 0.7950413223140496 0.013223140495867768 0.7867768595041322 0.021487603305785124 0.6578512396694215
0 0.0 0.11900826446280989 0.03140495867768595 0.1256198347107438 0.10578512396694215 0.09090909090909091 0.1652892561983471 0.22479338842975205 0.06942148760330578 0.27107438016528923 0.06942148760330578 0.2975206611570248 0.0 0.3272727272727272 0.0 0.1652892561983471
0 0.3107438016528926 0.0 0.2975206611570248 0.1140495867768595 0.4462809917355372 0.1322314049586777 0.45950413223140496 0.0
0 0.5421487603305785 0.006611570247933884 0.5338842975206611 0.0809917355371901 0.5950413223140496 0.17024793388429754 0.7305785123966941 0.1768595041322314 0.7454545454545455 0.01487603305785124
0 0.8181818181818182 0.01818181818181818 0.965289256198347 0.024793388429752067 0.9619834710743802 0.10413223140495868 0.9950413223140496 0.11074380165289256 0.993388429752066 0.1834710743801653 0.8082644628099174 0.171900826446281
0 0.6595041322314049 0.29256198347107437 0.7719008264462811 0.24793388429752067 0.8099173553719008 0.36363636363636365 0.684297520661157 0.4115702479338843 0.6413223140495867 0.32066115702479336 0.6148760330578512 0.3239669421487604 0.5801652892561984 0.2578512396694215 0.6561983471074381 0.21487603305785125 0.6694214876033058 0.24462809917355371 0.6479338842975207 0.2644628099173554
0 0.5140495867768595 0.2 0.3867768595041322 0.2578512396694215 0.4413223140495867 0.3768595041322314 0.5636363636363636 0.32066115702479336
0 0.4727272727272727 0.5041322314049587 0.5702479338842975 0.456198347107438 0.5537190082644629 0.4049586776859504 0.6396694214876033 0.3752066115702479 0.6495867768595042 0.39008264462809916 0.6661157024793388 0.38016528925619836 0.6776859504132231 0.4132231404958678 0.6925619834710743 0.4132231404958678 0.7041322314049587 0.456198347107438 0.6809917355371902 0.46942148760330576 0.7322314049586777 0.5752066115702479 0.6942148760330579 0.5884297520661157 0.6595041322314049 0.5289256198347108 0.631404958677686 0.5371900826446281 0.6644628099173553 0.6165289256198347 0.6347107438016529 0.628099173553719 0.6446280991735537 0.6479338842975207 0.5785123966942148 0.6760330578512397 0.5636363636363636 0.6578512396694215 0.543801652892562 0.6661157024793388
0 0.7867768595041322 0.3950413223140496 0.7024793388429754 0.5024793388429752 0.7140495867768596 0.5289256198347108 0.747107438016529 0.5504132231404959 0.768595041322314 0.5884297520661157 0.8826446280991734 0.5206611570247934 0.8876033057851239 0.48925619834710743 0.8528925619834711 0.4297520661157025 0.8082644628099174 0.3818181818181819
0 0.8859504132231405 0.4231404958677686 0.9900826446280991 0.36363636363636365 0.996694214876033 0.3785123966942149 1.0 0.5223140495867769 0.9487603305785125 0.5487603305785124
0 0.9338842975206612 0.547107438016529 0.9090909090909091 0.5586776859504132 0.8892561983471075 0.5256198347107438 0.8264462809917356 0.5603305785123966 0.902479338842975 0.6809917355371902 0.9421487603305785 0.6561983471074381 0.9305785123966942 0.6363636363636364 0.971900826446281 0.6049586776859505
0 0.7851239669421488 0.5884297520661157 0.7107438016528925 0.6396694214876033 0.7603305785123967 0.7140495867768596 0.7966942148760332 0.684297520661157 0.8115702479338843 0.6975206611570247 0.846280991735537 0.6760330578512395
1 0.5884297520661157 0.09586776859504133 0.5818181818181818 0.14545454545454545 0.6082644628099173 0.15041322314049588 0.6264462809917355 0.13553719008264462 0.6330578512396694 0.09917355371900827
1 0.6115702479338843 0.03966942148760331 0.6611570247933884 0.04297520661157025 0.6727272727272726 0.01487603305785124 0.7388429752066117 0.011570247933884297 0.7371900826446282 0.07272727272727272 0.705785123966942 0.0512396694214876 0.687603305785124 0.06776859504132231 0.6347107438016529 0.0628099173553719 0.6247933884297521 0.07603305785123966 0.6082644628099173 0.07272727272727272
1 0.6429752066115703 0.09917355371900827 0.7338842975206612 0.09917355371900827 0.7322314049586777 0.1652892561983471 0.6677685950413224 0.171900826446281 0.6396694214876033 0.13388429752066117
