0 0.747107438016529 0.05785123966942149 0.9586776859504132 0.03966942148760331 0.9669421487603306 0.1652892561983471 1.0 0.16033057851239668 1.0 0.6297520661157026 0.965289256198347 0.6330578512396694 0.9454545454545454 0.23471074380165288 0.7636363636363638 0.24462809917355371
0 0.690909090909091 0.24793388429752067 0.7636363636363638 0.24793388429752067 0.7669421487603306 0.36198347107438017 0.6958677685950413 0.36363636363636365
0 0.6743801652892562 0.6561983471074381 0.8826446280991734 0.6396694214876033 0.9057851239669421 0.9008264462809917 1.0 0.8925619834710744 1.0 0.9851239669421488 0.828099173553719 1.0 0.7074380165289256 1.0
0 0.12396694214876033 0.6115702479338843 0.3933884297520661 0.5950413223140496 0.48429752066115694 0.5950413223140496 0.49586776859504134 0.7702479338842976 0.4 0.775206611570248 0.3983471074380166 0.7867768595041322 0.17190082644628105 0.8016528925619835 0.1768595041322314 0.8578512396694216 0.0 0.8710743801652893 0.0 0.6231404958677685 0.03471074380165289 0.6214876033057851 0.03966942148760331 0.6859504132231407 0.12892561983471074 0.6809917355371902
0 0.1256198347107438 0.8776859504132232 0.1669421487603306 0.8776859504132232 0.17024793388429754 0.912396694214876 0.2578512396694215 0.9041322314049587 0.2644628099173554 1.0 0.17024793388429754 1.0 0.16363636363636364 0.9289256198347108 0.12892561983471074 0.9239669421487604
0 2.6645352591003756e-17 0.49256198347107444 0.1388429752066116 0.4859504132231405 0.1305785123966942 0.256198347107438 0.09421487603305788 0.2545454545454546 0.08925619834710748 0.20661157024793386 0.4082644628099173 0.1867768595041322 0.4231404958677686 0.1669421487603306 0.6016528925619835 0.15206611570247935 0.5917355371900826 0.0 0.4991735537190082 0.0 0.4132231404958678 0.0049586776859504135 0.4099173553719008 0.013223140495867768 0.1305785123966942 0.02975206611570248 0.1322314049586777 0.0 0.0 0.0
1 0.9669421487603306 0.5851239669421487 1.0 0.5834710743801653 1.0 0.628099173553719 0.971900826446281 0.628099173553719
1 0.8148760330578513 0.6462809917355372 0.8809917355371901 0.6363636363636364 0.9057851239669421 0.8975206611570248 0.8644628099173554 0.9454545454545457 0.8413223140495867 0.9487603305785125
1 0.9239669421487604 0.9041322314049587 0.8677685950413223 0.9520661157024793 0.8677685950413223 0.971900826446281 0.9834710743801653 0.9702479338842975 0.9818181818181819 0.9041322314049587
1 0.006611570247933884 0.21818181818181817 0.06942148760330578 0.20991735537190082 0.07603305785123966 0.3305785123966942 0.09256198347107437 0.3305785123966942 0.09421487603305785 0.40165289256198344 0.08264462809917356 0.40165289256198344 0.09090909090909091 0.4793388429752066 0.02975206611570248 0.4793388429752066
1 0.0 0.3388429752066115 0.0 0.48429752066115694 0.011570247933884297 0.4826446280991735
1 0.0 0.15206611570247933 0.03636363636363636 0.1487603305785124 0.03966942148760331 0.17024793388429754 0.09752066115702479 0.1652892561983471 0.09917355371900827 0.19669421487603306 0.04628099173553719 0.2 0.044628099173553724 0.19173553719008266 0.0 0.1933884297520661
1 0.0 0.11900826446280992 0.03305785123966942 0.11570247933884298 0.03471074380165289 0.1322314049586777 0.0 0.13553719008264462
