1 0.5933884297520661 0.0 0.8 0.171900826446281 0.8512396694214877 0.11239669421487603 0.8396694214876033 0.09917355371900827 0.8942148760330578 0.03305785123966942 0.8512396694214877 0.0
1 0.547107438016529 0.0 0.8016528925619835 0.2066115702479339 0.7272727272727273 0.28760330578512394 0.7454545454545455 0.3090909090909091 0.687603305785124 0.3768595041322314 0.2330578512396694 0.0
1 0.20165289256198346 0.0 0.6611570247933884 0.3851239669421488 0.596694214876033 0.45454545454545453 0.6066115702479339 0.46776859504132223 0.547107438016529 0.540495867768595 0.0 0.0859504132231405 0.0 0.0
1 0.6099173553719008 0.5008264462809917 0.5669421487603306 0.5504132231404959 0.6776859504132231 0.6429752066115703 0.7107438016528925 0.5933884297520661
1 0.06611570247933884 0.1834710743801653 0.6809917355371902 0.6942148760330579 0.6611570247933884 0.7801652892561983 0.30413223140495865 0.4826446280991735 0.32892561983471075 0.4495867768595041 0.2628099173553719 0.3917355371900826 0.23801652892561984 0.4231404958677686 0.01487603305785124 0.23801652892561984
1 0.0 0.2644628099173554 0.006611570247933884 0.24793388429752067 0.6479338842975207 0.7818181818181819 0.6363636363636364 0.8446280991735537 0.6148760330578512 0.8743801652892561 0.0 0.3586776859504132
1 0.0 0.39008264462809916 0.6148760330578512 0.8991735537190082 0.6066115702479339 0.971900826446281 0.5884297520661156 1.0 0.47768595041322315 1.0 0.0 0.6000000000000001
1 0.0 0.6694214876033058 0.40165289256198344 1.0 0.29090909090909084 1.0 0.26611570247933886 0.9884297520661157 0.2809917355371901 0.9520661157024793 0.25950413223140495 0.9305785123966942 0.2231404958677686 0.947107438016529 0.0 0.7603305785123967
1 0.0 0.7801652892561982 0.25950413223140495 1.0 0.12561983471074384 1.0 0.0 0.890909090909091
1 -2.220446049250313e-18 0.9454545454545454 0.06776859504132231 1.0 0.0 1.0
