0 0.0 0.01818181818181818 0.2 0.08429752066115702 0.19834710743801653 0.2545454545454545 0.09917355371900827 0.25950413223140495 0.09917355371900827 0.23801652892561984 0.01652892561983471 0.24132231404958676 0.013223140495867768 0.2 0.0 0.19834710743801653
0 0.32892561983471075 0.14545454545454548 0.3190082644628099 0.16859504132231407 0.3239669421487604 0.4661157024793388 0.16033057851239668 0.47107438016528924 0.16528925619834708 0.6363636363636364 0.32561983471074385 0.6413223140495867 0.32892561983471075 0.6942148760330579 0.15867768595041323 0.7008264462809918 0.16363636363636364 0.8991735537190082 0.07933884297520662 0.8991735537190082 0.0859504132231405 1.0 0.2644628099173553 1.0 0.26611570247933886 0.9157024793388431 0.35206611570247937 0.9090909090909091 0.35537190082644626 1.0 0.8925619834710744 1.0 0.8892561983471075 0.9487603305785125 0.7041322314049587 0.9553719008264463 0.7024793388429752 0.9801652892561984 0.5553719008264464 0.9834710743801653 0.5504132231404959 0.8181818181818182 0.5818181818181819 0.8132231404958677 0.571900826446281 0.29917355371900833 0.733884297520661 0.30413223140495865 0.7289256198347105 0.36363636363636365 0.6595041322314049 0.3669421487603306 0.6545454545454545 0.5008264462809917 0.6644628099173553 0.5752066115702479 0.8231404958677686 0.5834710743801653 0.828099173553719 0.5173553719008265 0.8396694214876033 0.512396694214876 0.849586776859504 0.3818181818181819 0.8396694214876033 0.29421487603305785 0.828099173553719 0.2462809917355372 0.7818181818181819 0.20826446280991737 0.7289256198347107 0.1884297520661157 0.6743801652892562 0.17355371900826447
0 0.4148760330578513 0.0 0.4231404958677686 0.09917355371900827 0.5454545454545454 0.11570247933884298 0.6231404958677685 0.12066115702479338 0.6677685950413224 0.1024793388429752 0.6942148760330579 0.08264462809917356 0.7107438016528925 0.011570247933884297 0.705785123966942 0.0
0 0.0 0.48264462809917363 0.0859504132231405 0.4809917355371901 0.13553719008264462 0.4495867768595041 0.1322314049586777 0.3305785123966942 0.0 0.33223140495867776
1 0.431404958677686 0.03305785123966942 0.42644628099173554 0.05289256198347107 0.4809917355371901 0.06611570247933884 0.4826446280991735 0.04628099173553719
1 0.4099173553719008 0.3669421487603306 0.5305785123966942 0.3669421487603306 0.5702479338842975 0.41983471074380163 0.5685950413223141 0.4495867768595041 0.47603305785123967 0.4495867768595041
1 0.3818181818181819 0.5388429752066116 0.3371900826446281 0.5801652892561984 0.3371900826446281 0.6132231404958678 0.5818181818181818 0.6115702479338843 0.5785123966942148 0.5818181818181818 0.5256198347107438 0.5289256198347108
1 0.38016528925619836 0.7223140495867768 0.3570247933884298 0.747107438016529 0.35206611570247937 0.7801652892561983 0.3702479338842975 0.8115702479338843 0.5669421487603306 0.8132231404958677 0.5735537190082645 0.7669421487603306 0.5223140495867769 0.7140495867768596
1 0.09090909090909091 0.9057851239669421 0.1322314049586777 0.902479338842975 0.13884297520661157 1.0 0.09256198347107437 1.0
1 0.15206611570247933 0.9041322314049587 0.19504132231404958 0.9157024793388431 0.19669421487603306 1.0 0.15537190082644625 1.0
1 0.20826446280991737 0.912396694214876 0.20991735537190082 1.0 0.2545454545454545 1.0 0.2545454545454545 0.9140495867768595
1 0.01652892561983471 0.11900826446280992 0.01652892561983471 0.23140495867768596 0.09917355371900827 0.24132231404958676 0.11239669421487603 0.2 0.10743801652892562 0.13884297520661157
