0 0.0 0.1619834710743802 0.1785123966942149 0.14214876033057852 0.1834710743801653 0.15206611570247933 0.23636363636363636 0.14710743801652892 0.2611570247933884 0.6148760330578512 0.2066115702479339 0.6247933884297521 0.23140495867768596 0.96198347107438 0.0 0.9851239669421488 0.0 0.8876033057851239 0.11239669421487603 0.8760330578512396 0.09917355371900827 0.6297520661157024 0.0 0.6363636363636364
0 0.2826446280991735 0.0 0.31074380165289256 0.6578512396694215 0.5388429752066116 0.6429752066115703 0.5603305785123966 0.5652892561983471 0.5355371900826447 0.1652892561983471 0.5140495867768595 0.11239669421487603 0.5983471074380166 0.10743801652892562 0.6016528925619835 0.028099173553719006 0.596694214876033 0.0 0.40495867768595045 0.0
0 0.7801652892561983 0.06611570247933884 0.8247933884297521 0.06115702479338843 0.8264462809917356 0.13388429752066117 0.7801652892561983 0.1371900826446281
0 0.8413223140495867 0.21322314049586777 0.943801652892562 0.19834710743801653 0.9454545454545454 0.23140495867768596 0.9520661157024793 0.23140495867768596 0.9586776859504132 0.2975206611570248 0.947107438016529 0.2975206611570248 0.9537190082644628 0.3305785123966942 0.943801652892562 0.3305785123966942 0.947107438016529 0.36363636363636365 0.8677685950413223 0.36528925619834707 0.8677685950413223 0.3371900826446281 0.849586776859504 0.33553719008264465
0 1.0 0.4793388429752066 0.8528925619834711 0.48760330578512395 0.856198347107438 0.5553719008264463 0.8925619834710744 0.5553719008264463 0.8991735537190082 0.6198347107438017 1.0 0.6165289256198347
0 1.0 0.7272727272727273 0.8694214876033057 0.7338842975206612 0.8809917355371901 0.9603305785123966 1.0 0.9553719008264463
0 0.5933884297520661 0.7371900826446282 0.6049586776859505 0.912396694214876 0.46942148760330576 0.9206611570247933 0.47438016528925625 0.9421487603305785 0.32231404958677684 0.9487603305785125 0.31074380165289256 0.7553719008264462 0.45785123966942154 0.7487603305785124
1 0.9041322314049587 0.5818181818181818 1.0 0.5752066115702479 1.0 0.6099173553719008 0.9057851239669421 0.6132231404958678
1 0.8991735537190082 0.740495867768595 1.0 0.7355371900826446 1.0 0.9190082644628099 0.9074380165289255 0.9256198347107438
1 0.540495867768595 0.6462809917355372 0.5586776859504132 0.5685950413223141 0.5355371900826447 0.2231404958677686 0.515702479338843 0.15867768595041323 0.456198347107438 0.1652892561983471 0.4495867768595041 0.1256198347107438 0.4033057851239669 0.1256198347107438 0.4 0.0859504132231405 0.3735537190082645 0.08760330578512397 0.28429752066115704 0.15867768595041323 0.31239669421487604 0.6561983471074381
1 0.18512396694214875 0.1537190082644628 0.23471074380165288 0.1487603305785124 0.2611570247933884 0.5933884297520661 0.2049586776859504 0.5553719008264463
1 0.0 0.5834710743801653 0.19008264462809918 0.5685950413223141 0.1652892561983471 0.6115702479338843 0.08760330578512397 0.6214876033057851 0.0 0.628099173553719
1 0.10743801652892562 0.628099173553719 0.19504132231404958 0.6198347107438017 0.2115702479338843 0.8363636363636363 0.11239669421487603 0.8380165289256198
1 0.0 0.8876033057851239 0.2231404958677686 0.8661157024793389 0.22975206611570248 0.965289256198347 0.0 0.9834710743801653
