0 0.7537190082644628 0.0 0.7785123966942149 0.22644628099173553 0.8132231404958677 0.228099173553719 0.8264462809917356 0.3239669421487604 0.9322314049586776 0.31735537190082647 0.9289256198347108 0.24462809917355371 0.9685950413223139 0.23636363636363636 0.9834710743801653 0.30247933884297523 1.0 0.30082644628099175 1.0 0.0 0.8264462809917356 0.0
0 0.2578512396694215 0.1537190082644628 0.32231404958677684 0.1322314049586777 0.39008264462809916 0.15206611570247933 0.3818181818181819 0.18016528925619835 0.43636363636363634 0.1933884297520661 0.4297520661157025 0.2115702479338843 0.5371900826446281 0.24958677685950412 0.5057851239669422 0.3504132231404959 0.343801652892562 0.2958677685950413 0.3669421487603306 0.228099173553719 0.3239669421487604 0.2115702479338843 0.27768595041322314 0.22644628099173553 0.2991735537190083 0.2892561983471074 0.1322314049586777 0.3404958677685951 0.09917355371900827 0.23801652892561984 0.20826446280991737 0.2049586776859504 0.2066115702479339 0.18677685950413225 0.2644628099173554 0.17520661157024794
0 0.1619834710743802 0.7801652892561983 0.43636363636363634 0.7603305785123967 0.4479338842975207 0.9305785123966942 0.32231404958677684 0.9421487603305785 0.3256198347107438 1.0 0.0 1.0 0.0 0.9338842975206612 0.1669421487603306 0.9190082644628099
0 0.5256198347107438 0.7239669421487603 1.0 0.6958677685950413 1.0 1.0 0.5107438016528926 1.0 0.5057851239669422 0.9851239669421488 0.5404958677685952 0.9834710743801655
0 0.7818181818181819 0.6214876033057851 0.9785123966942149 0.6082644628099173 0.9785123966942149 0.6545454545454545 0.7867768595041322 0.6661157024793388
1 0.7570247933884298 0.0 0.775206611570248 0.1652892561983471 0.943801652892562 0.15206611570247933 1.0 0.14545454545454545 1.0 0.0
1 0.5421487603305785 0.7305785123966941 0.5421487603305785 0.7487603305785124 0.6115702479338843 0.7421487603305786 0.6148760330578512 0.7669421487603306 0.8512396694214877 0.7520661157024794 0.849586776859504 0.7289256198347107 0.9057851239669421 0.7239669421487603 0.912396694214876 0.747107438016529 1.0 0.7404958677685951 1.0 0.6975206611570247
1 0.5487603305785124 0.8181818181818182 0.5487603305785124 0.8363636363636363 0.6016528925619835 0.8330578512396695 0.6066115702479339 0.8528925619834711 1.0 0.828099173553719 1.0 0.7818181818181819
1 0.5520661157024793 0.9008264462809917 1.0 0.8677685950413223 1.0 0.9140495867768595 0.5685950413223141 0.947107438016529 0.5652892561983471 0.9206611570247933 0.5487603305785124 0.9206611570247933
1 0.5520661157024794 0.9851239669421488 1.0 0.9553719008264462 1.0 1.0 0.5520661157024793 1.0
