0 -7.105427357601002e-17 0.6958677685950414 0.6760330578512395 0.6396694214876034 0.6677685950413224 0.543801652892562 1.0 0.515702479338843 1.0 1.0 0.0 1.0
0 6.661338147750939e-18 0.30578512396694213 0.07933884297520662 0.2975206611570248 0.08264462809917356 0.32561983471074385 0.4793388429752066 0.29090909090909095 0.3966942148760332 0.0 0.0 0.0
0 0.8413223140495867 0.0 0.8528925619834711 0.03966942148760331 0.9570247933884297 0.008264462809917356 0.9504132231404959 0.0
1 0.0 0.6975206611570247 0.6347107438016529 0.6479338842975207 0.6264462809917355 0.687603305785124 0.32727272727272727 0.7140495867768596 0.32231404958677684 0.6975206611570247 0.26776859504132233 0.6958677685950413 0.2694214876033058 0.7173553719008264 0.0 0.7388429752066117 0.0 0.6991735537190082
1 0.0 0.7818181818181817 0.41818181818181815 0.7520661157024794 0.4231404958677686 0.7966942148760332 0.0 0.8247933884297519
1 0.4925619834710744 0.7487603305785125 0.6363636363636364 0.740495867768595 0.6413223140495867 0.7537190082644628 0.628099173553719 0.7818181818181819 0.4958677685950412 0.7867768595041322
1 0.6446280991735537 0.8198347107438017 0.6479338842975207 0.8363636363636363 0.6363636363636364 0.8644628099173554 0.0 0.9140495867768595 0.0 0.8727272727272727
1 0.5041322314049587 0.9157024793388431 0.5057851239669422 0.9586776859504132 0.6396694214876033 0.9504132231404959 0.6512396694214876 0.9256198347107438 0.6512396694214876 0.9057851239669421
1 0.4297520661157025 0.9256198347107438 0.43305785123966944 0.9669421487603306 0.0 1.0 0.0 0.9553719008264463
1 0.3123966942148761 0.0 0.33884297520661155 0.28429752066115704 0.46776859504132223 0.2727272727272727 0.43636363636363634 0.16363636363636364 0.4099173553719008 0.06611570247933884 0.39008264462809916 0.06446280991735537 0.3818181818181819 0.0
1 0.0 0.0 0.04297520661157025 0.0 0.05785123966942149 0.1371900826446281 0.0 0.14380165289256197 0.0 0.04628099173553719
1 0.07107438016528926 0.008264462809917356 0.07272727272727272 0.028099173553719006 0.0859504132231405 0.1768595041322314 0.12396694214876033 0.17520661157024794 0.1371900826446281 0.28760330578512394 0.1884297520661157 0.28264462809917357 0.16033057851239668 0.0
1 0.19008264462809918 0.0 0.21818181818181817 0.27768595041322314 0.2727272727272727 0.27107438016528923 0.2479338842975207 0.0 0.21322314049586777 0.0
