0 0.6 0.27107438016528923 1.0 0.4859504132231405 1.0 0.5983471074380164 0.8710743801652893 0.849586776859504 0.4231404958677686 0.6115702479338843
0 0.9322314049586776 0.0 0.8264462809917356 0.22975206611570248 0.9388429752066115 0.27603305785123966 0.958677685950413 0.23636363636363636 1.0 0.256198347107438 1.0 0.0
0 0.18181818181818182 0.0 0.12892561983471074 0.06611570247933884 0.2512396694214876 0.14710743801652892 0.06115702479338843 0.431404958677686 0.0 0.3900826446280993 0.0 0.0
0 0.18512396694214875 1.0 0.2049586776859504 0.971900826446281 0.24462809917355371 1.0
0 0.31239669421487604 1.0 0.36033057851239675 0.9322314049586776 0.45950413223140496 1.0 0.36363636363636365 1.0
1 0.5619834710743802 0.39008264462809916 0.8099173553719008 0.515702479338843 0.8611570247933884 0.4297520661157025 0.6148760330578512 0.2909090909090909
1 0.5603305785123966 0.39669421487603307 0.6198347107438017 0.428099173553719 0.540495867768595 0.5851239669421487 0.6776859504132231 0.6611570247933884 0.7669421487603306 0.5024793388429752 0.8066115702479338 0.5256198347107438 0.6958677685950413 0.7454545454545455 0.4396694214876033 0.6115702479338843
1 0.9173553719008265 0.45950413223140496 1.0 0.5041322314049587 1.0 0.5785123966942148 0.8661157024793389 0.8429752066115702 0.7454545454545455 0.7768595041322314
1 0.9735537190082643 0.0 0.8793388429752066 0.18181818181818182 0.9190082644628099 0.21983471074380165 0.943801652892562 0.18677685950413225 0.9785123966942151 0.22148760330578512 1.0 0.2 1.0 0.0
1 0.009917355371900827 0.0 0.21983471074380165 0.14380165289256197 0.09090909090909091 0.34876033057851236 0.06776859504132231 0.3371900826446281 0.03801652892561983 0.3834710743801653 0.0 0.3636363636363636 0.0 0.0
