0 0.9983471074380165 0.9107438016528926 0.9636363636363636 0.9305785123966942 0.947107438016529 0.9520661157024793 0.971900826446281 0.9983471074380165 0.9983471074380165 0.9983471074380165
0 0.6016528925619835 0.8049586776859505 0.4099173553719008 0.8859504132231405 0.3768595041322314 0.8512396694214877 0.36198347107438017 0.8611570247933884 0.3371900826446281 0.828099173553719 0.34876033057851236 0.8181818181818182 0.2628099173553719 0.6809917355371902 0.34710743801652894 0.6066115702479339 0.343801652892562 0.5884297520661157 0.41983471074380163 0.5603305785123966 0.46942148760330576 0.628099173553719 0.48925619834710743 0.6231404958677685 0.5322314049586777 0.687603305785124 0.5256198347107438 0.7008264462809918
0 0.003305785123966942 0.6942148760330579 0.1322314049586777 0.6512396694214876 0.171900826446281 0.7008264462809918 0.19173553719008266 0.7603305785123967 0.2 0.8314049586776859 0.003305785123966942 0.9190082644628099
0 0.001652892561983471 0.5818181818181818 0.34876033057851236 0.4396694214876033 0.36363636363636365 0.4099173553719008 0.2991735537190083 0.2462809917355372 0.1785123966942149 0.2909090909090909 0.19173553719008266 0.32892561983471075 0.001652892561983471 0.4033057851239669
0 0.001652892561983471 0.18181818181818182 0.2578512396694215 0.0859504132231405 0.24297520661157024 0.001652892561983471 0.001652892561983471 0.003305785123966942
0 0.5041322314049587 0.20165289256198346 0.6066115702479339 0.15867768595041323 0.6892561983471075 0.3305785123966942 0.6 0.38016528925619836 0.5553719008264463 0.33553719008264465
0 0.8264462809917356 0.3074380165289256 0.912396694214876 0.47603305785123967 0.8958677685950414 0.4859504132231405 0.8826446280991734 0.46776859504132223 0.7421487603305785 0.5289256198347108 0.71900826446281 0.5206611570247934 0.6628099173553719 0.5421487603305785 0.6214876033057851 0.5256198347107438 0.5834710743801653 0.45289256198347105 0.687603305785124 0.40165289256198344 0.6809917355371902 0.3768595041322314
1 0.8462809917355372 0.7272727272727273 0.9371900826446281 0.6793388429752066 0.9586776859504132 0.7239669421487603 0.8694214876033057 0.7719008264462811
1 0.47603305785123967 0.6347107438016529 0.428099173553719 0.6677685950413224 0.47603305785123967 0.7289256198347107 0.5256198347107438 0.6942148760330579
1 0.5140495867768595 0.7140495867768596 0.5024793388429752 0.7206611570247934 0.5619834710743802 0.7966942148760332 0.5752066115702479 0.7917355371900825
1 0.4793388429752066 0.7355371900826446 0.4628099173553719 0.743801652892562 0.5239669421487604 0.8181818181818182 0.5388429752066116 0.8115702479338843
