0 0.4495867768595041 0.08429752066115702 0.6330578512396694 0.06611570247933884 0.6512396694214876 0.23140495867768596 0.46776859504132223 0.2528925619834711
0 0.12066115702479338 0.2809917355371901 0.20165289256198346 0.23801652892561984 0.2115702479338843 0.2545454545454545 0.32727272727272727 0.19669421487603306 0.3834710743801653 0.3090909090909091 0.25950413223140495 0.3735537190082645 0.21983471074380165 0.3768595041322314 0.1785123966942149 0.371900826446281 0.15206611570247933 0.3537190082644628 0.13884297520661157 0.32892561983471075 0.14545454545454545 0.31900826446280994
0 0.6892561983471075 0.12396694214876033 0.8876033057851239 0.0743801652892562 0.8975206611570248 0.11900826446280992 1.0 0.10578512396694215 1.0 0.2743801652892562 0.849586776859504 0.28760330578512394 0.8396694214876033 0.17520661157024794 0.747107438016529 0.2049586776859504
0 0.6231404958677685 0.6545454545454545 1.0 0.628099173553719 1.0 0.8859504132231405 0.6380165289256199 0.9090909090909091 0.6363636363636364 0.7801652892561983
0 0.7851239669421488 0.9504132231404959 0.8694214876033057 0.943801652892562 0.8743801652892561 1.0 0.7917355371900825 1.0
0 0.0 0.6743801652892562 0.0628099173553719 0.6677685950413224 0.07107438016528926 0.8363636363636363 0.0 0.8396694214876033
0 0.05619834710743801 0.6231404958677685 0.1024793388429752 0.6198347107438017 0.10082644628099173 0.6115702479338843 0.23636363636363636 0.6016528925619835 0.24132231404958676 0.6132231404958678 0.48925619834710743 0.596694214876033 0.48760330578512395 0.7123966942148761 0.41818181818181815 0.7206611570247934 0.4231404958677686 0.8247933884297521 0.4380165289256198 0.8264462809917356 0.4413223140495867 0.8528925619834711 0.4214876033057851 0.859504132231405 0.4231404958677686 0.9041322314049587 0.5933884297520661 0.8727272727272727 0.6 0.9603305785123966 0.44297520661157025 0.9752066115702479 0.30578512396694213 0.9768595041322314 0.2462809917355372 0.9834710743801653 0.24462809917355371 0.9454545454545454 0.30247933884297523 0.9371900826446281 0.2909090909090909 0.7570247933884298 0.10578512396694215 0.7636363636363638 0.1024793388429752 0.6628099173553719 0.05289256198347107 0.6595041322314049
0 0.0 0.2 0.07107438016528926 0.1652892561983471 0.0 0.01818181818181818
1 0.8826446280991734 0.1371900826446281 0.9223140495867769 0.1305785123966942 0.9421487603305785 0.27768595041322314 0.8528925619834711 0.2909090909090909 0.8512396694214877 0.2396694214876033 0.8892561983471075 0.22644628099173553
1 0.6528925619834712 0.7867768595041322 0.8198347107438017 0.7785123966942149 0.8264462809917356 0.890909090909091 0.6677685950413224 0.9008264462809917 0.6677685950413224 0.828099173553719 0.6512396694214876 0.8148760330578513
1 0.8396694214876033 0.8892561983471075 0.8347107438016529 0.7768595041322314 1.0 0.7652892561983471 1.0 0.8826446280991734
1 0.27107438016528923 0.31074380165289256 0.2892561983471074 0.2991735537190083 0.3090909090909091 0.3371900826446281 0.2909090909090909 0.34876033057851236
