0 0.20991735537190082 0.10413223140495868 0.343801652892562 0.2115702479338843 0.5107438016528926 0.0 0.2975206611570248 0.0
0 0.171900826446281 0.19173553719008266 0.31074380165289256 0.2462809917355372 0.23140495867768596 0.43636363636363634 0.09090909090909091 0.3735537190082645
0 0.38016528925619836 0.30578512396694213 0.30413223140495865 0.49090909090909096 0.4214876033057851 0.5487603305785124 0.48925619834710743 0.39669421487603307 0.4644628099173554 0.3818181818181819 0.47603305785123967 0.3421487603305785
0 0.7537190082644627 0.0 0.6743801652892562 0.18512396694214875 0.8132231404958677 0.24793388429752067 0.8925619834710744 0.09917355371900827 0.8991735537190082 0.03801652892561983 0.8082644628099174 0.0 0.7553719008264462 0.0
0 0.6446280991735537 0.27768595041322314 0.5752066115702479 0.431404958677686 0.7272727272727273 0.5008264462809917 0.7900826446280992 0.34876033057851236
0 0.5421487603305785 0.47438016528925625 0.4297520661157025 0.7371900826446282 0.5950413223140496 0.8066115702479338 0.7140495867768596 0.5553719008264463
0 0.42644628099173554 0.7801652892561983 0.3586776859504132 0.9322314049586776 0.5041322314049587 0.9983471074380165 0.5768595041322314 0.8545454545454545
0 0.8 0.8049586776859505 0.7123966942148762 1.0 0.9752066115702479 1.0 1.0 0.9454545454545454 1.0 0.9057851239669421
0 0.9322314049586776 0.6115702479338843 0.856198347107438 0.7884297520661157 1.0 0.8528925619834711 1.0 0.6446280991735537
0 1.0 0.4661157024793388 0.9520661157024793 0.5818181818181818 1.0 0.6033057851239669
0 0.0 0.6661157024793387 0.08925619834710745 0.7090909090909091 0.05454545454545454 0.7818181818181819 0.0 0.7586776859504133
0 0.0 0.8479338842975207 0.06611570247933884 0.8793388429752066 0.006611570247933884 1.0 0.0 1.0
1 0.17520661157024794 0.2115702479338843 0.1537190082644628 0.2545454545454545 0.2 0.2743801652892562 0.2231404958677686 0.23636363636363636
1 0.13388429752066117 0.30413223140495865 0.1140495867768595 0.34710743801652894 0.1487603305785124 0.3586776859504132 0.1652892561983471 0.31735537190082647
1 0.24793388429752067 0.24132231404958676 0.22975206611570248 0.2793388429752066 0.23801652892561984 0.31074380165289256 0.2512396694214876 0.31735537190082647 0.27603305785123966 0.30578512396694213 0.2909090909090909 0.2628099173553719
1 0.29421487603305785 0.171900826446281 0.36528925619834707 0.07272727272727272 0.3785123966942149 0.08925619834710745 0.30578512396694213 0.1884297520661157
1 0.2049586776859504 0.3735537190082644 0.1884297520661157 0.4132231404958678 0.21818181818181817 0.42644628099173554 0.23801652892561984 0.3834710743801653
1 0.48760330578512395 0.8148760330578513 0.5619834710743802 0.8528925619834711 0.5355371900826447 0.9256198347107438 0.48925619834710743 0.902479338842975 0.5024793388429752 0.8661157024793389 0.46942148760330576 0.8512396694214877
1 0.8644628099173554 0.8578512396694216 0.8264462809917356 0.9388429752066115 0.8991735537190082 0.971900826446281 0.9355371900826445 0.8925619834710744
1 0.8214876033057851 0.9586776859504132 0.8016528925619835 1.0 0.8859504132231405 1.0 0.8925619834710744 0.9851239669421488
1 0.9619834710743802 0.7537190082644628 0.9371900826446281 0.8082644628099174 1.0 0.8380165289256198 1.0 0.775206611570248
1 0.6330578512396694 0.5801652892561984 0.6 0.6479338842975207 0.6413223140495867 0.6694214876033058 0.6760330578512397 0.6082644628099173
