0 0.7768595041322314 0.07933884297520662 0.9239669421487604 0.08760330578512397 0.9256198347107438 0.11239669421487603 0.971900826446281 0.11239669421487603 0.965289256198347 0.24462809917355371 0.8148760330578513 0.24132231404958676 0.8148760330578513 0.22479338842975205 0.775206611570248 0.2231404958677686
0 0.5487603305785124 0.10578512396694215 0.7206611570247934 0.10578512396694215 0.7223140495867768 0.2512396694214876 0.5487603305785124 0.24958677685950412
0 0.8661157024793389 0.4793388429752066 1.0 0.4826446280991735 1.0 0.5933884297520662 0.8859504132231405 0.5900826446280992 0.8809917355371901 0.5487603305785124 0.8611570247933884 0.5520661157024793
0 0.7355371900826446 0.44297520661157025 0.7371900826446282 0.49090909090909096 0.6462809917355372 0.48925619834710743 0.6347107438016529 0.6380165289256199 0.8 0.6495867768595042 0.8066115702479338 0.515702479338843 0.8231404958677686 0.515702479338843 0.8264462809917356 0.4479338842975207
0 0.5256198347107438 0.7553719008264462 0.7206611570247934 0.7636363636363638 0.6975206611570247 0.890909090909091 0.5206611570247934 0.8809917355371901
0 0.4099173553719008 0.7884297520661157 0.40165289256198344 0.7983471074380166 0.48760330578512395 0.8049586776859505 0.4793388429752066 0.9190082644628099 0.29421487603305785 0.9041322314049587 0.28760330578512394 0.8446280991735537 0.2991735537190083 0.7834710743801652
0 0.05619834710743801 0.7338842975206612 0.23140495867768596 0.7388429752066117 0.21818181818181817 0.9008264462809917 0.12727272727272726 0.9008264462809917 0.1256198347107438 0.9388429752066115 0.0 0.9338842975206612 0.0 0.8115702479338843 0.04628099173553719 0.8115702479338843
0 0.0 0.4975206611570248 0.08429752066115702 0.49586776859504134 0.09256198347107437 0.41818181818181815 0.1487603305785124 0.41983471074380163 0.15702479338842976 0.5008264462809917 0.15867768595041323 0.6198347107438017 0.1256198347107438 0.6347107438016529 0.05785123966942149 0.6247933884297521 0.0 0.628099173553719
0 0.1933884297520661 0.49421487603305786 0.3504132231404959 0.49421487603305786 0.3537190082644628 0.5702479338842975 0.3768595041322314 0.5900826446280992 0.3785123966942149 0.6429752066115703 0.2809917355371901 0.6462809917355372 0.2115702479338843 0.6380165289256199 0.19173553719008266 0.5933884297520661
0 0.4446280991735537 0.43471074380165287 0.5140495867768595 0.4446280991735537 0.5173553719008265 0.48429752066115694 0.5338842975206611 0.515702479338843 0.5619834710743802 0.5239669421487604 0.5487603305785124 0.6082644628099173 0.41983471074380163 0.5884297520661157
0 0.3669421487603306 0.09421487603305785 0.4859504132231405 0.10082644628099174 0.47933884297520657 0.16033057851239668 0.4859504132231405 0.22148760330578512 0.3570247933884297 0.21322314049586777 0.3570247933884298 0.20165289256198346 0.33553719008264465 0.2049586776859504 0.343801652892562 0.12066115702479338 0.3603305785123967 0.12396694214876033
0 0.14545454545454545 0.09256198347107437 0.25950413223140495 0.09917355371900827 0.2512396694214876 0.1537190082644628 0.2578512396694215 0.2115702479338843 0.1322314049586777 0.2049586776859504 0.1305785123966942 0.14545454545454545
0 0.0 0.08264462809917356 0.06115702479338843 0.08925619834710745 0.05785123966942149 0.21157024793388426 0.0 0.21322314049586777
