0 0.6413223140495867 0.0 0.6644628099173553 0.1256198347107438 0.6809917355371902 0.12231404958677686 0.6809917355371902 0.14545454545454545 0.7289256198347107 0.18512396694214875 0.8578512396694216 0.16033057851239668 0.8363636363636363 0.0743801652892562 0.8462809917355372 0.07107438016528926 0.8330578512396695 0.0
0 0.7371900826446282 0.2644628099173554 0.9223140495867769 0.23140495867768596 0.9520661157024793 0.4446280991735537 0.9256198347107438 0.4462809917355372 0.9586776859504132 0.5884297520661157 0.8198347107438017 0.6264462809917355 0.7834710743801652 0.4793388429752066 0.7735537190082644 0.47768595041322315
0 0.9388429752066113 0.0 0.9603305785123966 0.11239669421487603 1.0 0.10909090909090909 1.0 0.0
0 0.2628099173553719 0.0 0.28429752066115704 0.09421487603305785 0.0 0.15041322314049588 0.0 0.0
0 0.026446280991735537 0.4297520661157025 0.2330578512396694 0.4082644628099173 0.2330578512396694 0.41818181818181815 0.2727272727272727 0.41652892561983473 0.30578512396694213 0.6214876033057851 0.07603305785123966 0.6528925619834712 0.07933884297520662 0.6826446280991736 0.0 0.6925619834710743 0.0 0.5818181818181818 0.03966942148760331 0.5752066115702479
0 0.3834710743801653 0.3752066115702479 0.4380165289256198 0.36528925619834707 0.43636363636363634 0.3570247933884298 0.4925619834710744 0.3421487603305785 0.49586776859504134 0.3586776859504132 0.5735537190082645 0.343801652892562 0.6148760330578512 0.5818181818181818 0.4297520661157025 0.6181818181818182
0 0.6909090909090909 0.7223140495867768 0.7107438016528925 0.8925619834710744 0.3867768595041322 0.9289256198347108 0.3685950413223141 0.7537190082644628
0 0.3421487603305785 1.0 0.343801652892562 0.9917355371900827 0.747107438016529 0.9322314049586776 0.7537190082644628 1.0
0 0.2628099173553719 0.828099173553719 0.2743801652892562 0.9487603305785125 0.23140495867768596 0.9537190082644628 0.23471074380165288 0.9785123966942149 0.1537190082644628 0.9867768595041322 0.15041322314049588 0.9685950413223139 0.11074380165289256 0.971900826446281 0.1140495867768595 0.9900826446280991 0.024793388429752067 0.996694214876033 0.026446280991735537 0.9801652892561984 0.0 0.9834710743801653 0.0 0.8578512396694216
1 0.44297520661157025 0.5289256198347108 0.4975206611570248 0.5190082644628099 0.5024793388429752 0.5619834710743802 0.4512396694214875 0.5719008264462809
1 0.5173553719008265 0.5619834710743802 0.571900826446281 0.5520661157024793 0.5619834710743802 0.5074380165289256 0.509090909090909 0.5173553719008265
1 0.45785123966942154 0.4512396694214875 0.5024793388429752 0.44297520661157025 0.48760330578512395 0.3504132231404959 0.44297520661157025 0.3586776859504132
