0 0.715702479338843 0.001652892561983471 0.6479338842975207 0.09256198347107437 0.4975206611570248 0.001652892561983471
0 0.7834710743801652 0.43471074380165287 0.9107438016528926 0.4975206611570248 0.996694214876033 0.5818181818181818 0.971900826446281 0.6148760330578512 0.9884297520661157 0.628099173553719 0.9371900826446281 0.6909090909090909 0.8181818181818182 0.5884297520661157 0.8264462809917356 0.5752066115702479 0.7305785123966941 0.4859504132231405
0 0.48429752066115694 0.5371900826446281 0.5933884297520661 0.5305785123966942 0.6016528925619835 0.5702479338842975 0.6347107438016529 0.571900826446281 0.6859504132231407 0.571900826446281 0.6942148760330579 0.6909090909090909 0.7272727272727273 0.7008264462809918 0.7173553719008264 0.7487603305785124 0.6479338842975207 0.7537190082644628 0.6214876033057851 0.768595041322314 0.5917355371900826 0.7619834710743801 0.5785123966942148 0.7305785123966941 0.543801652892562 0.7322314049586777 0.540495867768595 0.684297520661157 0.5041322314049587 0.6809917355371902 0.49586776859504134 0.6347107438016529 0.4826446280991735 0.6347107438016529
0 0.001652892561983471 0.7074380165289256 0.05454545454545454 0.6975206611570247 0.05289256198347107 0.6826446280991736 0.20330578512396694 0.6628099173553719 0.19669421487603306 0.6049586776859505 0.32066115702479336 0.5884297520661157 0.3504132231404959 0.8 0.23801652892561984 0.8214876033057851 0.23801652892561984 0.8363636363636363 0.09090909090909091 0.8578512396694216 0.09090909090909091 0.8677685950413223 0.0 0.8793388429752066
0 0.001652892561983471 0.9785123966942149 0.10082644628099173 0.9636363636363636 0.10743801652892562 0.996694214876033 0.001657204114789221 0.9983220220398741
0 0.003305785123966942 0.1669421487603306 0.011570247933884297 0.15867768595041323 0.09586776859504133 0.2545454545454545 0.12066115702479338 0.24297520661157024 0.2066115702479339 0.34710743801652894 0.24132231404958676 0.3239669421487604 0.2611570247933884 0.34545454545454546 0.2991735537190083 0.32066115702479336 0.3702479338842975 0.4033057851239669 0.27107438016528923 0.49421487603305786 0.21818181818181817 0.509090909090909 0.1669421487603306 0.4479338842975207 0.11735537190082644 0.48429752066115694 0.03305785123966942 0.3834710743801653 0.006611570247933884 0.4033057851239669
1 0.8710743801652893 0.5818181818181818 0.9322314049586776 0.6347107438016529 0.9223140495867769 0.6727272727272726 0.8396694214876033 0.5950413223140496 0.849586776859504 0.5818181818181818
1 0.1785123966942149 0.8066115702479338 0.1834710743801653 0.8297520661157026 0.21322314049586777 0.8264462809917356 0.2115702479338843 0.8033057851239669
1 0.1371900826446281 0.8115702479338843 0.1371900826446281 0.8314049586776859 0.11074380165289256 0.8363636363636363 0.11074380165289256 0.8148760330578513
1 0.27768595041322314 0.42644628099173554 0.22479338842975205 0.4727272727272727 0.23140495867768596 0.4826446280991735 0.2909090909090909 0.4380165289256198
1 0.06611570247933884 0.2462809917355372 0.03966942148760331 0.27107438016528923 0.05289256198347107 0.2859504132231405 0.0809917355371901 0.2644628099173554
