0 0.8 0.12727272727272726 0.9322314049586776 0.11570247933884298 0.9322314049586776 0.23801652892561984 0.8115702479338843 0.2462809917355372
0 1.0 0.41818181818181815 0.9454545454545454 0.4049586776859504 0.9338842975206612 0.46942148760330576 0.9801652892561984 0.4826446280991735 0.9785123966942149 0.5041322314049587 0.9520661157024793 0.4975206611570248 0.9256198347107438 0.6462809917355372 1.0 0.6545454545454547
0 0.6148760330578512 0.628099173553719 0.7917355371900825 0.6545454545454545 0.8 0.6991735537190082 0.7834710743801652 0.7801652892561983 0.5950413223140496 0.7553719008264462
0 0.30082644628099175 0.6181818181818182 0.49421487603305786 0.6413223140495867 0.47603305785123967 0.7834710743801652 0.2793388429752066 0.7619834710743801
0 0.27603305785123966 0.5884297520661157 0.25619834710743805 0.7206611570247934 0.09421487603305785 0.6942148760330579 0.10743801652892562 0.5636363636363636
0 0.3305785123966942 0.3239669421487604 0.31900826446280994 0.45785123966942154 0.49917355371900823 0.4661157024793388 0.509090909090909 0.371900826446281 0.49586776859504134 0.3685950413223141 0.49917355371900823 0.33553719008264465
0 0.6247933884297521 0.3371900826446281 0.5950413223140496 0.456198347107438 0.7652892561983471 0.49586776859504134 0.7933884297520661 0.4082644628099173 0.7735537190082644 0.3983471074380166 0.775206611570248 0.3834710743801653
0 0.27603305785123966 0.0 0.3090909090909091 0.1834710743801653 0.48760330578512395 0.16033057851239668 0.47603305785123967 0.10413223140495868 0.48925619834710743 0.09917355371900827 0.47107438016528924 0.0
0 0.0 0.05619834710743801 0.01652892561983471 0.03140495867768595 0.03966942148760331 0.023140495867768594 0.1933884297520661 0.01818181818181818 0.19504132231404958 0.12727272727272726 0.12231404958677686 0.1669421487603306 0.0 0.15371900826446278
0 0.0 0.32727272727272727 0.06611570247933884 0.31900826446280994 0.06942148760330578 0.456198347107438 0.0 0.45785123966942154
0 0.1305785123966942 0.3735537190082645 0.1785123966942149 0.371900826446281 0.2512396694214876 0.371900826446281 0.24793388429752067 0.47603305785123967 0.1256198347107438 0.47107438016528924
0 0.11570247933884298 0.8148760330578513 0.18512396694214875 0.8380165289256198 0.1785123966942149 0.8528925619834711 0.23140495867768596 0.8743801652892561 0.23801652892561984 0.859504132231405 0.2809917355371901 0.8743801652892561 0.2859504132231405 0.8694214876033057 0.3570247933884298 0.890909090909091 0.34545454545454546 0.9057851239669421 0.39669421487603307 0.9239669421487604 0.3851239669421488 0.9553719008264463 0.3371900826446281 0.9785123966942149 0.31735537190082647 0.9752066115702479 0.3074380165289256 1.0 0.2066115702479339 0.9801652892561984 0.20165289256198346 1.0 0.06776859504132231 0.9619834710743802 0.08429752066115702 0.8925619834710744
0 0.5355371900826448 0.0 0.543801652892562 0.08760330578512397 0.684297520661157 0.06942148760330578 0.684297520661157 0.03305785123966942 0.6942148760330579 0.01487603305785124 0.6909090909090909 0.0
0 0.8314049586776859 0.0 0.8297520661157026 0.013223140495867768 0.856198347107438 0.013223140495867768 0.8528925619834711 0.024793388429752067 0.9371900826446281 0.026446280991735537 0.9371900826446281 0.011570247933884297 0.965289256198347 0.011570247933884297 0.9669421487603306 0.0
1 0.39669421487603307 0.10909090909090909 0.43471074380165287 0.10578512396694215 0.4297520661157025 0.08429752066115702 0.4644628099173554 0.07933884297520662 0.47438016528925625 0.1140495867768595 0.4380165289256198 0.14545454545454545 0.4 0.14710743801652892
1 0.5570247933884298 0.0 0.5553719008264463 0.026446280991735537 0.5338842975206611 0.04628099173553719 0.5537190082644629 0.08264462809917356 0.6677685950413224 0.0628099173553719 0.6776859504132231 0.02975206611570248 0.6793388429752067 0.0 0.6380165289256199 0.0 0.6181818181818182 0.019834710743801654 0.5900826446280992 0.019834710743801654 0.5801652892561984 0.0
1 0.2462809917355372 0.9338842975206612 0.23636363636363636 0.9636363636363636 0.21818181818181817 0.9619834710743802 0.2115702479338843 0.9801652892561984 0.2677685950413223 1.0 0.30082644628099175 1.0 0.31735537190082647 0.9553719008264463 0.2809917355371901 0.9454545454545454 0.2694214876033058 0.9735537190082646 0.2512396694214876 0.9702479338842975 0.2595041322314049 0.9388429752066118
