0 0.9322314049586776 0.31074380165289256 0.9520661157024793 0.4214876033057851 0.7338842975206612 0.4661157024793388 0.7619834710743801 0.5685950413223141 0.8462809917355372 0.547107438016529 0.8892561983471075 0.684297520661157 0.912396694214876 0.6776859504132231 0.9355371900826445 0.7355371900826446 0.9173553719008265 0.747107438016529 0.9520661157024793 0.859504132231405 0.7818181818181819 0.9256198347107438 0.740495867768595 0.7768595041322314 0.7636363636363638 0.768595041322314 0.7272727272727273 0.6214876033057851 0.6595041322314049 0.6380165289256199 0.7239669421487603 0.9404958677685952 0.5619834710743802 1.0 0.3090909090909091 1.0 0.256198347107438 0.8793388429752066 0.39669421487603307 0.8347107438016529 0.41983471074380163 0.8892561983471075 0.5074380165289256 0.8578512396694216 0.48925619834710743 0.7603305785123967 0.35206611570247937 0.8082644628099174 0.3140495867768595 0.6545454545454545 0.4661157024793388 0.5917355371900826 0.46942148760330576 0.6247933884297521 0.596694214876033 0.5933884297520661 0.5818181818181818 0.45950413223140496 0.7107438016528925 0.431404958677686 0.705785123966942 0.36363636363636365
0 0.343801652892562 0.45950413223140496 0.35206611570247937 0.4925619834710744 0.3669421487603306 0.6033057851239669 0.2578512396694215 0.6082644628099173 0.2611570247933884 0.6925619834710743 0.15041322314049588 0.7074380165289256 0.12066115702479338 0.6066115702479339 0.13884297520661157 0.4512396694214875
0 0.4495867768595041 0.0 0.44297520661157025 0.09586776859504133 0.27107438016528923 0.09090909090909091 0.28429752066115704 0.0
0 0.5057851239669422 0.12892561983471074 0.49586776859504134 0.25950413223140495 0.2545454545454545 0.24793388429752067 0.26611570247933886 0.11900826446280992
0 0.013223140495867768 0.0628099173553719 0.0 0.10909090909090909 0.0 0.2909090909090909 0.12231404958677686 0.30413223140495865 0.15867768595041323 0.0859504132231405
0 0.0 0.40165289256198344 0.021487603305785124 0.4115702479338843 0.0512396694214876 0.4446280991735537 0.0859504132231405 0.5206611570247934 0.05619834710743801 0.5421487603305785 0.021487603305785124 0.5421487603305785 0.0 0.5223140495867769
0 0.0 0.5685950413223141 0.07107438016528926 0.5636363636363636 0.07768595041322314 0.7537190082644628 0.14545454545454545 0.7520661157024794 0.16033057851239668 0.8727272727272727 0.20991735537190082 0.8528925619834711 0.22644628099173553 0.8958677685950414 0.18016528925619835 0.9289256198347108 0.14380165289256197 0.9107438016528926 0.0 0.9140495867768595
0 0.0 1.0 0.0 0.9768595041322314 0.10082644628099173 0.9685950413223139 0.16033057851239668 0.9752066115702479 0.25950413223140495 0.9256198347107438 0.2859504132231405 1.0
1 0.0 0.7140495867768596 0.03801652892561983 0.7140495867768596 0.03471074380165289 0.7404958677685951 0.0 0.7388429752066117
1 0.4033057851239669 0.12727272727272726 0.39669421487603307 0.22479338842975205 0.44297520661157025 0.23140495867768596 0.4446280991735537 0.24462809917355371 0.47768595041322315 0.24462809917355371 0.47768595041322315 0.22479338842975205 0.456198347107438 0.21322314049586777 0.46115702479338844 0.13388429752066117
1 0.5057851239669422 0.628099173553719 0.5256198347107438 0.6247933884297521 0.5586776859504132 0.6380165289256199 0.6016528925619835 0.8578512396694216 0.543801652892562 0.8677685950413223
