0 0.7421487603305785 0.1140495867768595 0.8694214876033057 0.1322314049586777 0.9636363636363636 0.15537190082644628 0.9454545454545454 0.27768595041322314 0.8479338842975207 0.2809917355371901 0.7719008264462811 0.2578512396694215 0.7735537190082644 0.2396694214876033 0.7239669421487603 0.23140495867768596
0 0.6909090909090909 0.315702479338843 0.9173553719008265 0.3371900826446281 0.9057851239669421 0.4099173553719008 0.9322314049586776 0.4099173553719008 0.9239669421487604 0.48760330578512395 0.902479338842975 0.5024793388429752 0.8876033057851239 0.49421487603305786 0.8859504132231405 0.4826446280991735 0.862809917355372 0.47603305785123967 0.862809917355372 0.4826446280991735 0.7090909090909091 0.4661157024793388 0.7074380165289256 0.43636363636363634 0.6793388429752065 0.43471074380165287
0 0.6033057851239669 0.2909090909090909 0.5900826446280992 0.4099173553719008 0.44297520661157025 0.3950413223140496 0.456198347107438 0.27603305785123966
0 0.540495867768595 0.09256198347107437 0.34545454545454546 0.06776859504132231 0.3239669421487604 0.21818181818181817 0.49917355371900823 0.23801652892561984 0.49917355371900823 0.2049586776859504 0.5206611570247934 0.2049586776859504
0 0.27603305785123966 0.06611570247933884 0.2694214876033058 0.0859504132231405 0.30413223140495865 0.09090909090909091 0.2958677685950413 0.15702479338842976 0.2611570247933884 0.16033057851239668 0.2528925619834711 0.2231404958677686 0.0859504132231405 0.2066115702479339 0.08760330578512397 0.12066115702479338 0.06776859504132231 0.11900826446280992 0.07768595041322314 0.05289256198347107 0.10743801652892562 0.05454545454545454 0.10909090909090909 0.04628099173553719
0 0.1652892561983471 0.3685950413223141 0.34710743801652894 0.47603305785123967 0.29256198347107437 0.571900826446281 0.19669421487603306 0.515702479338843 0.15867768595041323 0.5685950413223141 0.05950413223140496 0.5140495867768595
0 0.5355371900826447 0.5983471074380166 0.6396694214876033 0.6611570247933884 0.6231404958677685 0.7074380165289256 0.5900826446280992 0.7586776859504131 0.4826446280991735 0.6942148760330579
0 0.7256198347107436 0.6826446280991736 0.8578512396694216 0.7586776859504131 0.8380165289256198 0.7884297520661157 0.9454545454545454 0.8528925619834711 0.8925619834710744 0.9487603305785125 0.7504132231404959 0.8727272727272727 0.7669421487603306 0.8462809917355372 0.6694214876033058 0.7851239669421488
0 0.0 0.8975206611570247 0.11570247933884298 0.9636363636363636 0.09256198347107437 1.0 0.0 1.0
1 0.19504132231404958 0.14710743801652892 0.1884297520661157 0.1652892561983471 0.22644628099173553 0.17024793388429754 0.22644628099173553 0.14710743801652892 0.20991735537190082 0.14710743801652892
1 0.3685950413223141 0.16363636363636364 0.39669421487603307 0.1669421487603306 0.3917355371900826 0.21818181818181817 0.3570247933884298 0.2115702479338843
1 0.4231404958677686 0.17024793388429754 0.4661157024793388 0.1768595041322314 0.46115702479338844 0.22148760330578512 0.4148760330578513 0.21983471074380165
1 0.45289256198347105 0.36198347107438017 0.49586776859504134 0.36363636363636365 0.49421487603305786 0.39669421487603307 0.4495867768595041 0.3950413223140496
1 0.5305785123966942 0.36198347107438017 0.5884297520661157 0.3702479338842975 0.5818181818181818 0.40165289256198344 0.5289256198347108 0.39669421487603307
