0 0.0 0.8958677685950414 0.09586776859504133 0.8661157024793389 0.07107438016528926 0.768595041322314 0.01652892561983471 0.7272727272727272 0.0 0.7322314049586777
0 0.14710743801652892 0.7520661157024794 0.4446280991735537 0.6578512396694215 0.48760330578512395 0.7933884297520661 0.19008264462809918 0.8842975206611571
0 0.22975206611570248 0.902479338842975 0.29256198347107437 0.8842975206611571 0.31900826446280994 0.9520661157024793 0.2528925619834711 0.9768595041322314
0 0.6214876033057851 0.6925619834710743 0.6859504132231407 0.6677685950413224 0.6743801652892562 0.6446280991735537 0.7008264462809918 0.6363636363636364 0.687603305785124 0.6 0.8462809917355372 0.5355371900826447 0.8991735537190082 0.6743801652892562 0.8099173553719008 0.7041322314049587 0.8148760330578513 0.7173553719008264 0.7206611570247934 0.7487603305785124 0.7123966942148761 0.7338842975206612 0.6479338842975207 0.7553719008264462
0 1.0 0.7619834710743801 0.9140495867768595 0.7933884297520661 0.902479338842975 0.8214876033057851 0.8396694214876033 0.8429752066115702 0.8793388429752066 0.9305785123966942 0.9041322314049587 0.9206611570247933 0.9421487603305785 0.9140495867768595 0.9735537190082646 0.9884297520661157 1.0 0.9801652892561984
0 0.2694214876033058 1.0 0.5371900826446281 0.9057851239669421 0.571900826446281 1.0
0 0.6413223140495867 0.09752066115702479 0.8247933884297521 0.11074380165289256 0.8264462809917356 0.15867768595041323 0.8925619834710744 0.15867768595041323 0.8842975206611571 0.3090909090909091 0.7818181818181819 0.3074380165289256 0.7818181818181819 0.26611570247933886 0.6380165289256199 0.25950413223140495
0 0.36198347107438017 0.06115702479338843 0.5074380165289256 0.06776859504132231 0.5074380165289256 0.10082644628099173 0.5289256198347108 0.1024793388429752 0.5256198347107438 0.19173553719008266 0.35537190082644626 0.18016528925619835
0 0.171900826446281 0.04297520661157025 0.3074380165289256 0.047933884297520664 0.2975206611570248 0.18181818181818182 0.1652892561983471 0.1768595041322314 0.1652892561983471 0.15867768595041323 0.10743801652892562 0.15537190082644628 0.10909090909090909 0.06776859504132231 0.171900826446281 0.07107438016528926
0 0.06115702479338843 0.29421487603305785 0.171900826446281 0.2330578512396694 0.2578512396694215 0.4033057851239669 0.14049586776859505 0.4628099173553719
0 0.0 0.38016528925619836 0.05289256198347107 0.49090909090909085 0.0 0.5190082644628098
0 0.0743801652892562 0.5289256198347108 0.09917355371900827 0.512396694214876 0.12727272727272726 0.5752066115702479 0.18512396694214875 0.5603305785123966 0.2 0.6247933884297521 0.1305785123966942 0.6429752066115703
0 0.4727272727272727 0.5454545454545454 0.5933884297520661 0.5041322314049587 0.6082644628099173 0.5570247933884298 0.48760330578512395 0.5933884297520661
