0 0.03305785123966942 0.15702479338842976 0.1652892561983471 0.11570247933884298 0.17024793388429754 0.171900826446281 0.19834710743801653 0.22148760330578512 0.05950413223140496 0.2578512396694215 0.04297520661157025 0.2049586776859504
0 0.6 0.15867768595041323 0.5520661157024793 0.2 0.5256198347107438 0.24462809917355371 0.628099173553719 0.32231404958677684 0.6528925619834712 0.2727272727272727 0.6942148760330579 0.23801652892561984
0 0.7966942148760332 0.13884297520661157 0.7388429752066117 0.20165289256198346 0.7487603305785124 0.21487603305785125 0.7272727272727273 0.24132231404958676 0.7851239669421488 0.31074380165289256 0.8809917355371901 0.3603305785123967 0.9586776859504132 0.2611570247933884
0 0.8198347107438017 0.0 0.8082644628099174 0.023140495867768594 1.0 0.07603305785123966 1.0 0.0
0 0.7504132231404959 0.4826446280991735 0.8148760330578513 0.5024793388429752 0.8082644628099174 0.515702479338843 0.9371900826446281 0.5537190082644629 0.8975206611570248 0.6760330578512397 0.747107438016529 0.6330578512396694 0.7619834710743801 0.5867768595041323 0.7206611570247934 0.5702479338842975
0 1.0 0.8776859504132232 0.9057851239669421 0.8446280991735537 0.8760330578512396 0.9685950413223139 0.8727272727272727 1.0 1.0 1.0
0 0.540495867768595 0.7206611570247934 0.6528925619834712 0.7553719008264462 0.7702479338842976 0.7834710743801652 0.7421487603305785 0.8859504132231405 0.7768595041322314 0.8925619834710744 0.7619834710743801 0.9520661157024793 0.7305785123966941 0.9421487603305785 0.7256198347107436 0.9537190082644628 0.5008264462809917 0.890909090909091
0 0.515702479338843 0.4975206611570248 0.5289256198347108 0.46776859504132223 0.5933884297520661 0.4859504132231405 0.6066115702479339 0.4495867768595041 0.6859504132231407 0.456198347107438 0.6628099173553719 0.5537190082644629 0.6495867768595042 0.5520661157024793 0.628099173553719 0.6347107438016529 0.5355371900826447 0.6099173553719008 0.5272727272727272 0.6380165289256199 0.343801652892562 0.5884297520661157 0.4066115702479339 0.39008264462809916 0.47768595041322315 0.4099173553719008 0.46115702479338844 0.4826446280991735
0 0.1884297520661157 0.6181818181818182 0.3305785123966942 0.7338842975206612 0.32231404958677684 0.7867768595041322 0.29256198347107437 0.8297520661157026 0.27107438016528923 0.856198347107438 0.1024793388429752 0.7305785123966941
0 0.0 0.48429752066115694 0.03140495867768595 0.4826446280991735 0.03140495867768595 0.5933884297520661 0.0 0.5950413223140496
